0.19670 -0.33869 0.08200 0.42358 0.27380 -0.31141 -0.06890 0.44962 -0.42387 0.41220 -0.53874 -0.37442 0.37150 -0.20179 -0.19738 0.20837 -0.07509 0.24036 -0.30626 0.23842 -0.32163 0.34690 0.20022 0.24032 0.33396 0.37726 -0.25253 0.30332 -0.48947 0.46672 -0.43370 -0.45693 -0.17429 -0.05950 -0.12986 -0.01473 0.06213 -0.18462 0.18798 0.18979 0.11045 0.01322 0.03291 -0.09309 -0.12376 -0.10428 0.02870 -0.00350 -0.06015 0.56401 -0.05581 -0.28715 -0.06012 0.11544 0.04010 -0.05196 -0.02045 -0.06800 0.03761 0.17157 -0.00526 0.04399 -0.11752 -0.03448 0.10974 -0.10930 0.23135
0.40575 -0.67520 0.28352 0.39018 0.33051 -0.15779 -0.10478 0.33570 -0.34677 0.33603 -0.20261 -0.60213 0.59860 0.13582 -0.39849 0.25697 -0.53816 0.44618 -0.30578 0.22903 -0.33284 0.30763 -0.12598 0.55697 0.43161 0.53015 -0.10849 0.38831 -0.44434 0.52956 -0.46158 -0.72578 0.04192 -0.63641 0.16255 -0.20373 -0.07782 -0.31048 0.07039 0.00838 0.24127 0.66227 0.16688 -0.18191 -0.45206 -0.15162 0.28513 -0.20394 -0.14801 0.23514 -0.08536 -0.78544 0.35886 0.54935 -0.55178 -0.26148 0.44548 0.44498 0.05594 0.06154 -0.80623 0.79915 -0.35409 0.34799 0.11988 -0.50522 0.37911
0.26682 0.19247 0.15092 0.40194 -0.07595 -0.59035 -0.38039 0.27768 -0.20174 -0.02837 -0.04717 0.21033 -0.02797 -0.17449 -0.34729 0.25118 -0.40159 0.35303 -0.49706 -0.09844 -0.05174 0.31236 0.38298 0.42121 0.30876 0.07041 -0.28987 0.05442 0.07070 0.16377 -0.51069 0.12023 -0.27850 -0.15668 -0.38041 0.09763 -0.17069 -0.08464 0.19461 0.28526 -0.04155 0.13934 0.11323 -0.03867 0.02813 0.05803 -0.05646 0.04581 -0.11953 0.28969 -0.09358 -0.22130 0.06682 -0.06574 -0.04634 -0.04660 0.07371 -0.06864 0.35075 -0.03203 -0.03582 0.13456 -0.10168 -0.07683 0.05249 -0.04589 0.00894
0.31300 -0.32780 0.30387 0.72192 0.67798 -0.47746 -0.49207 0.25599 -0.61772 0.41551 -0.33708 -0.27801 0.46808 0.27922 -0.78991 0.43351 -0.41800 0.48682 -0.44254 0.43759 -0.48911 0.55003 -0.15494 0.74133 0.53540 0.42683 -0.43648 0.34113 -0.53087 0.69996 -0.79384 -0.25308 -0.32772 -0.50605 -0.45028 0.29490 0.04383 -0.16267 0.26717 0.20558 -0.04148 0.30823 0.13123 0.10714 -0.01998 0.08467 0.08542 -0.08658 0.00424 0.28264 0.22962 -0.30962 0.05742 0.07033 -0.18294 -0.14544 0.00080 0.19669 0.16606 -0.23714 -0.06822 0.14268 -0.18556 -0.08591 -0.05612 0.00689 -0.11577
0.35370 -0.03331 0.13562 0.45207 -0.28815 -0.50765 -0.09592 0.37254 -0.48529 0.44203 -0.20918 -0.40847 0.11806 -0.02484 -0.50267 0.33583 -0.44136 0.49235 -0.36097 0.50021 -0.08484 0.38074 0.34058 0.36835 0.28033 0.27741 -0.39202 0.05340 -0.42637 0.42754 -0.47957 -0.08907 -0.31726 -0.41457 -0.53170 0.32515 -0.10412 -0.19084 0.28800 0.08356 0.03393 0.17765 0.08332 0.18702 -0.04316 0.24981 -0.25656 0.05734 0.06153 0.20230 -0.07207 -0.10307 -0.01317 -0.05340 -0.11162 -0.10813 0.02983 -0.21340 0.19757 -0.42116 -0.18684 0.17796 -0.09477 -0.19571 -0.08170 0.38697 0.15922
0.31422 -0.36013 0.29540 0.51465 -0.13902 -0.33726 -0.23433 0.12973 -0.20086 0.35791 -0.20758 -0.30655 0.34481 0.20524 -0.14499 0.17786 -0.35184 0.44724 -0.20048 0.29137 -0.35591 0.10342 0.10603 0.31103 0.33226 0.33667 -0.45489 0.36273 -0.34351 0.44038 -0.29462 -0.32900 -0.22480 -0.65523 0.20786 -0.16771 0.07302 -0.15736 0.05693 0.03405 0.23733 0.38328 0.20923 -0.04889 -0.12635 0.19053 -0.04951 -0.28938 -0.19922 0.22068 -0.02476 -0.53830 0.32726 0.19331 -0.36062 -0.23340 0.35435 0.39502 -0.09934 0.17556 -0.59100 0.36282 -0.35624 0.19598 0.23002 -0.27305 0.19231
0.23186 -0.19734 0.49375 -0.07274 0.23991 -0.03847 -0.24793 0.26004 -0.13171 0.09447 -0.28705 -0.11196 0.17545 0.01186 -0.15168 0.35607 -0.27133 0.04852 -0.33451 -0.01533 -0.04825 0.21994 0.17743 0.03328 0.22398 0.20761 -0.18522 0.14256 -0.16224 0.22055 0.03888 -0.09897 0.03199 -0.36328 -0.22906 -0.07645 -0.05526 -0.09037 0.32028 0.28276 -0.04268 -0.01088 0.02473 0.02123 -0.07231 0.05738 0.02074 0.08602 -0.03267 0.30154 0.08407 -0.25375 -0.06683 0.10205 0.02304 0.00802 -0.02048 -0.15051 -0.04377 -0.13130 0.10022 0.10892 -0.14960 0.01541 0.00938 -0.05180 0.00325
0.22134 -0.30587 0.16174 0.68964 0.53820 -0.20991 -0.30880 0.51889 -0.53617 0.48329 -0.56043 -0.47631 0.27741 -0.00401 -0.45898 0.25895 -0.32110 0.50174 -0.34230 0.35794 -0.14301 0.44686 0.05741 0.39459 0.65489 0.42038 -0.33802 0.26749 -0.42103 0.67861 -0.47330 -0.57660 0.13719 -0.14782 -0.14984 0.00188 0.14601 -0.10533 0.20113 0.23742 -0.06251 0.12149 0.07989 -0.02087 -0.11726 0.01576 0.08586 0.03337 -0.07824 0.35255 0.19598 -0.16052 -0.07830 0.05741 -0.06619 0.12369 -0.03889 0.08081 0.02306 -0.05689 -0.09831 0.12508 0.05060 -0.13136 -0.10324 -0.12084 0.06797
0.53427 -0.25744 0.20540 0.29474 0.34408 -0.39714 -0.49119 0.39138 -0.39798 0.25489 -0.42241 -0.30846 0.39323 -0.36420 -0.35436 0.55587 -0.66879 0.61873 -0.40390 0.35798 -0.25902 0.49572 0.38276 0.69472 0.69501 0.28654 -0.52851 0.29063 -0.45451 0.39452 -0.34620 -0.36434 -0.35628 -0.42290 -0.23318 0.02625 0.09181 -0.02323 0.21127 0.27094 -0.04639 0.16363 0.00505 -0.05952 0.02686 -0.07483 -0.04225 0.02886 -0.09079 0.31410 -0.17594 -0.19458 -0.03721 0.09394 -0.11954 0.09019 0.08505 -0.06222 -0.02384 -0.12137 0.02212 0.08798 0.11537 -0.18407 -0.04984 0.09754 0.22027
0.03770 -0.62709 0.26014 0.38193 0.10186 -0.23121 -0.01542 0.55522 -0.29876 0.12678 -0.26820 -0.18606 0.52703 0.14638 -0.25411 0.02429 -0.16974 0.47476 -0.38693 -0.10419 -0.00113 0.23932 -0.19932 0.14904 0.46361 0.23878 -0.24061 0.01034 -0.35424 0.35403 -0.36568 -0.71960 0.22620 -0.54035 0.12593 -0.17658 0.04345 -0.38518 -0.04734 0.10019 0.18412 0.25486 0.42214 -0.22933 -0.48135 0.04928 0.06495 -0.49578 -0.28103 0.20255 -0.02874 -0.74691 0.53676 0.63038 -0.72509 -0.37900 0.50148 0.57029 -0.13216 0.26927 -0.75746 0.72057 -0.55680 0.44212 0.24183 -0.68750 0.34436
0.07014 -0.03383 0.02448 -0.28278 0.06012 0.06994 0.27134 0.34836 0.09800 -0.07142 0.00085 0.09433 -0.07261 -0.09830 -0.12218 0.03563 -0.01075 -0.12957 -0.25792 -0.19706 0.17365 0.28719 -0.12448 0.00736 0.15061 -0.14635 0.36059 0.09458 -0.10693 -0.00638 0.06469 -0.07373 0.24280 -0.25526 -0.15774 0.15882 0.04803 0.07665 0.31391 0.42131 0.05486 -0.05383 0.10984 -0.05179 -0.07346 0.10402 -0.01848 0.09465 -0.02293 0.48467 -0.00864 -0.16992 0.09510 0.02341 0.10455 -0.07518 0.01686 -0.06451 -0.00203 -0.15694 -0.09610 0.01804 0.06288 -0.07209 -0.21430 0.06330 0.08826
0.43683 -0.38634 0.00996 0.11417 0.28632 -0.15506 -0.02445 0.39435 -0.08462 0.34208 -0.33970 -0.15165 0.15391 -0.42229 -0.31928 0.31971 -0.12084 0.35893 -0.29946 0.35513 -0.07822 0.41883 0.04526 0.49165 0.42074 0.49465 -0.10790 0.12299 -0.25800 0.27187 -0.24756 -0.12092 -0.06796 -0.10394 -0.11414 -0.06343 0.13298 0.01220 0.24931 0.36803 0.08518 0.01770 -0.01243 0.02032 -0.17110 -0.11942 -0.04790 -0.10590 0.03551 0.28880 -0.01105 -0.19301 0.04103 0.16172 -0.04582 0.20599 0.07764 -0.06023 -0.00093 -0.06365 0.03717 0.17092 -0.15173 -0.07760 0.09408 -0.01464 0.03749
0.16135 -0.23101 0.08221 0.21943 0.29483 -0.18488 -0.21852 0.11449 -0.43774 0.22901 -0.23651 -0.08467 0.20047 -0.07243 -0.30336 0.17285 -0.06395 0.27792 -0.47424 -0.04724 -0.02341 0.19396 0.13780 0.20734 0.26276 0.20738 -0.22841 0.06434 -0.08882 0.32002 -0.27215 -0.22490 0.01147 0.03546 -0.25676 0.03840 -0.11188 -0.05150 0.18469 0.24812 0.07577 0.17724 -0.02608 0.08069 -0.18238 -0.02368 0.05271 0.05242 -0.08134 0.31641 -0.05113 -0.27157 -0.03452 0.12264 -0.03517 0.11550 0.24142 0.00032 0.04135 -0.04225 -0.06970 0.07429 0.01680 -0.05046 0.13561 0.02147 0.07912
0.25936 -0.59468 0.43082 0.28336 0.13851 -0.28653 -0.14163 0.32205 -0.40145 0.28848 -0.57086 -0.43652 0.65898 -0.12156 -0.27362 0.16744 -0.17492 0.34911 -0.19686 0.59073 -0.46266 0.38289 0.04677 0.37342 0.16389 0.38766 -0.28624 0.48088 -0.38006 0.41799 -0.29155 -0.36729 -0.21687 -0.22025 -0.13824 -0.07817 0.05788 -0.10855 0.26133 0.21655 -0.04831 -0.02973 0.08835 -0.06495 0.06613 -0.04345 -0.08261 -0.03758 -0.02593 0.42529 -0.08334 -0.31925 0.00899 0.00866 -0.06659 0.07692 -0.01800 -0.22401 0.01021 -0.08776 0.01304 0.10583 0.06189 -0.18424 0.06601 -0.01581 0.15023
0.42877 -0.20262 0.18596 0.37530 0.18670 -0.36386 -0.48795 0.25596 -0.61579 0.52902 -0.65997 -0.18996 0.26820 -0.07207 -0.40639 0.42464 -0.41900 0.30470 -0.60435 0.39316 -0.13324 0.23021 0.51422 0.52936 0.30266 0.26533 -0.82396 0.30344 -0.31881 0.42645 -0.37268 -0.29352 -0.30785 -0.31174 -0.63889 0.03544 -0.00181 -0.20188 0.13015 0.00627 0.05010 0.23292 -0.09540 0.00170 -0.00611 -0.07691 -0.18138 0.20993 0.20008 0.23388 -0.22918 -0.07385 -0.02285 0.02320 -0.06823 0.08492 0.04593 -0.23230 0.08569 -0.28417 -0.03359 0.24899 0.02454 -0.32693 -0.19239 0.17335 0.03509
0.05086 -0.41111 0.28583 0.29049 0.23601 0.05159 -0.22423 0.23958 -0.32693 0.79158 -0.51098 -0.49878 0.44005 0.23917 -0.01527 0.09976 -0.20191 0.14964 -0.01024 0.49236 -0.32100 0.14457 0.19109 0.04005 -0.07143 0.44735 -0.13588 0.15466 -0.38277 0.34354 -0.05007 -0.27999 0.19702 -0.41894 -0.58627 -0.18041 -0.38912 -0.21237 -0.14413 0.03457 0.27582 0.56759 0.25366 -0.12412 -0.21513 -0.18245 0.17289 -0.14202 -0.07670 0.32916 -0.06265 -0.47756 0.26274 0.24900 -0.26336 -0.25551 0.32754 -0.14505 0.57385 0.08334 -0.21349 0.28502 -0.23537 -0.02178 0.07273 0.09849 0.23790
0.34355 -0.40974 0.14329 0.55471 0.51339 -0.22076 -0.24623 0.76156 -0.35003 0.36411 -0.76100 -0.33368 0.41556 0.02881 -0.28335 0.39408 -0.21381 0.55061 -0.52141 0.26243 -0.23521 0.47115 0.08895 0.25726 0.53143 0.42412 -0.21046 0.15481 -0.57902 0.59733 -0.42927 -0.43453 0.13818 -0.37632 0.09442 -0.08981 -0.02830 -0.09428 0.15766 0.00940 0.24414 0.32871 0.16108 -0.18033 -0.15373 -0.06788 0.21962 -0.21318 -0.11019 0.28565 -0.01068 -0.53142 0.21986 0.26296 -0.23903 -0.18145 0.09711 0.25193 -0.07854 -0.09021 -0.35545 0.29965 -0.23541 0.14830 0.13304 -0.09817 0.05443
0.23094 -0.69725 0.58899 0.05149 -0.27857 -0.49894 -0.07384 0.42278 -0.49490 0.66123 -0.24385 -0.57133 0.72381 0.04438 -0.30901 0.39956 -0.45481 0.38113 -0.42984 0.62169 -0.59587 0.68943 0.25908 0.70220 0.26447 0.77461 -0.02665 0.75435 -0.75527 0.19110 -0.29178 -0.81989 -0.03440 -1.35689 -0.34571 -0.03236 0.02333 0.00224 0.09045 0.15498 0.04230 0.22178 -0.03900 0.13312 -0.12563 0.09093 -0.13252 0.12154 0.00051 0.17335 0.08723 -0.00795 -0.09013 -0.06988 0.08227 0.03804 -0.05761 -0.34597 0.09679 -0.13324 0.01072 -0.00267 0.08281 -0.22934 -0.08764 0.26421 0.12537
0.06224 -0.41681 1.03139 -0.63812 -0.64802 0.11061 0.87662 -0.33412 0.13416 0.11026 0.38565 -0.43428 0.79005 0.43538 -0.01768 0.46882 -0.27726 -0.36045 0.05041 0.97343 -0.66706 0.73520 -0.06981 0.80465 -0.30060 0.48953 0.38264 0.79256 -1.14800 -0.13650 0.34561 -0.73045 -0.05222 -1.78773 -0.14217 0.05432 0.06291 0.15919 -0.03188 -0.10092 -0.03759 -0.13875 -0.00176 0.03105 0.23172 -0.07116 0.13462 -0.01032 -0.04485 -0.05346 0.01021 0.46386 0.01406 -0.17914 0.10566 -0.00441 -0.10904 -0.24823 0.14580 0.10258 0.32618 -0.28335 0.07771 0.01701 0.05631 0.41476 -0.17606
0.03579 -0.32905 0.16945 -0.09853 0.50653 -0.01720 -0.02405 -0.16342 -0.19121 0.22192 -0.34255 -0.17103 0.39890 0.03342 -0.20683 -0.00749 -0.10267 0.23951 -0.18203 0.24442 -0.29569 0.26459 -0.14137 0.02310 0.19245 0.37160 -0.02085 0.31140 -0.41393 0.21720 -0.27007 -0.23766 0.18615 -0.01111 -0.13704 0.02254 0.01409 0.06393 0.29637 0.21766 -0.00828 0.04939 -0.02018 -0.04506 -0.10785 0.08479 0.09550 0.04567 0.14672 0.21387 -0.00145 -0.15234 -0.04588 0.01053 -0.09952 0.07138 -0.02221 -0.13182 0.15731 0.03479 0.04832 0.04295 0.09181 -0.08671 -0.11628 -0.12114 0.00004
0.11598 -0.61775 0.34208 1.05671 0.29253 -0.22089 -0.22309 0.56079 -0.38983 0.61512 -0.73279 -0.72928 0.53074 0.32337 -0.40533 0.19481 -0.31263 0.89934 -0.28263 0.56981 -0.51139 0.35768 0.11899 0.59388 0.55177 0.64074 -0.04921 0.60010 -0.77235 0.65284 -0.59086 -0.56972 0.41479 -0.57028 -0.14191 -0.20112 -0.17334 -0.25876 0.17718 0.03266 0.10650 0.48831 0.12320 -0.14907 -0.36016 -0.16174 -0.08015 -0.20855 -0.14168 0.13018 -0.24733 -0.57666 0.07483 0.30630 -0.23782 0.07600 0.18440 0.24578 0.17373 -0.03811 -0.43250 0.53549 -0.27613 0.10999 0.08571 -0.20528 0.33002
0.11664 -0.51144 0.25755 1.14983 0.35070 -0.41146 -0.17386 0.66177 -0.28112 0.53462 -0.60607 -0.50565 0.51024 0.02830 -0.46917 0.26513 -0.38860 0.87176 -0.29136 0.44858 -0.23887 0.43904 0.05322 0.69199 0.83250 0.58273 -0.52393 0.28975 -0.69508 0.59636 -0.63027 -0.62083 0.18467 -0.50581 -0.04704 -0.02391 -0.16034 -0.06079 0.09087 0.09901 0.09323 0.32863 0.14404 -0.17396 -0.36310 -0.02585 0.02042 -0.08660 -0.04828 0.35079 0.16628 -0.46889 0.15353 0.31984 -0.19498 0.03458 0.10739 0.20156 -0.07496 0.10502 -0.41065 0.47272 -0.21947 0.20089 0.20989 -0.36450 0.17619
-0.13307 0.61774 0.48533 -0.82038 -0.12254 0.44102 0.70966 -0.78563 0.40043 -0.27414 0.42300 0.18477 -0.08502 -0.20392 0.35658 0.29069 0.01615 -0.61469 0.42995 0.23340 -0.26717 0.10359 -0.21901 0.23245 -0.66606 -0.33690 0.21517 0.41490 -0.17102 -0.46430 0.64018 -0.18271 0.03515 -0.95865 0.00751 -0.14097 -0.08904 -0.01837 0.06011 0.01203 0.04232 -0.27452 -0.07809 -0.14173 0.12191 -0.16547 0.08869 0.08639 -0.04004 -0.16528 -0.14961 0.37243 -0.16143 -0.11604 0.37813 0.04743 -0.07427 -0.39314 0.10414 0.10353 0.36197 -0.40918 0.15746 -0.12508 0.05956 0.52373 -0.03025
0.05538 -0.08004 -0.01852 0.13605 0.26888 -0.24970 -0.07580 0.32392 -0.16826 0.31085 -0.34342 -0.08476 0.14407 0.05330 -0.10872 0.21414 -0.26289 0.44189 -0.05873 0.23332 -0.16411 0.13883 0.14131 0.16782 0.34382 0.30035 -0.10971 0.24396 -0.50049 0.21328 -0.18637 -0.34448 0.01303 -0.34125 -0.16843 0.01406 0.21941 0.05803 0.35174 0.30957 -0.08255 0.10455 -0.04401 0.01547 -0.03831 0.07160 0.01268 -0.00383 0.01789 0.39487 0.08029 -0.24269 0.00459 0.08799 0.03076 0.10174 -0.06547 -0.05755 -0.09090 -0.14053 -0.02385 0.01236 -0.02756 -0.18972 -0.01546 0.15339 -0.01702
0.15164 -0.69199 0.24564 0.43344 0.23805 -0.24080 -0.00403 0.46604 -0.31245 0.12778 -0.28119 -0.25644 0.50802 0.13815 -0.06496 0.25597 -0.22945 0.42781 -0.32727 0.11023 -0.16630 0.21388 -0.14883 0.18083 0.31891 0.21106 -0.11012 0.29766 -0.31212 0.32881 -0.21292 -0.55880 0.28267 -0.55546 0.12555 -0.17898 -0.09367 -0.33400 0.02328 -0.13593 0.42364 0.40443 0.37561 -0.09553 -0.50064 0.02126 0.10453 -0.42611 -0.09817 0.28945 -0.08321 -0.91405 0.54255 0.42529 -0.72743 -0.39926 0.47684 0.58108 0.06186 0.07935 -0.73487 0.66721 -0.45955 0.38254 0.09758 -0.65146 0.25409
0.17004 -0.18358 0.23364 0.04150 0.34256 -0.23660 -0.22971 0.09789 -0.29331 0.39940 -0.46237 -0.11007 0.22384 -0.09437 -0.22311 0.06666 -0.12510 0.23065 -0.27593 0.12122 -0.17228 0.09188 0.15880 0.05911 0.22946 0.16863 -0.28102 0.10786 -0.07642 0.09028 -0.13720 -0.32966 0.11527 -0.12153 -0.00036 -0.03285 -0.29683 -0.24007 0.32051 0.29695 0.13418 0.04549 0.08561 -0.03224 -0.20516 -0.02756 0.12958 -0.17696 -0.26066 0.39294 -0.00530 -0.15920 0.03279 0.11560 0.03444 -0.04383 0.01160 0.07833 -0.10021 -0.13396 -0.09582 0.21018 0.01653 -0.09377 0.21296 -0.08061 0.13162
0.65892 -0.54455 0.55988 0.66110 0.32213 -0.61531 0.05930 0.47919 -0.63316 0.51490 -0.43227 -0.55873 0.48300 0.29045 -0.54244 0.70216 -0.67409 0.57809 -0.76873 0.57268 -0.47732 0.64946 0.07813 0.57136 0.54324 0.46481 -0.13545 0.43773 -0.43506 0.59638 -0.53034 -0.46527 -0.20158 -0.39272 -0.58855 0.04502 -0.16643 0.00576 0.17378 0.22981 -0.02905 0.07961 -0.00195 0.14999 -0.11150 0.08265 -0.15841 0.03859 0.14806 0.48978 0.05265 -0.23141 -0.01963 0.13691 0.08870 -0.07424 -0.06905 -0.27336 0.12462 -0.36891 -0.13310 0.08857 0.04400 -0.18913 -0.17972 0.18772 0.21853
0.15973 -0.14842 0.20498 0.23701 0.24796 -0.06455 -0.17455 0.32114 -0.32331 0.30969 -0.40340 -0.15322 0.33130 0.12174 -0.73302 0.43341 -0.04898 0.64562 -0.34094 0.06371 -0.16408 0.32283 -0.31342 -0.00176 0.27198 0.14140 -0.06555 0.09123 -0.31855 0.54756 -0.57460 -0.40097 0.13778 0.11355 -0.42152 0.15033 -0.09277 -0.11412 0.20692 0.12749 -0.06489 0.14024 0.04962 0.11680 0.00785 0.23665 -0.01919 -0.10825 -0.08311 0.12042 -0.00809 0.02298 0.08430 0.13440 0.02069 0.01773 0.03183 -0.05727 0.17466 -0.24819 -0.06942 0.18160 -0.01643 0.07236 -0.05825 0.19083 0.17165
0.23064 -0.28702 0.36240 0.17996 0.64145 -0.14939 0.02973 0.21490 -0.57861 0.54952 -0.70064 -0.22348 0.14895 0.45435 -0.15436 0.33905 -0.23662 0.26524 -0.36202 0.25425 -0.22954 -0.04708 0.00625 0.11161 -0.19288 0.51045 0.48620 0.12723 -0.33096 0.51385 -0.14734 -0.07673 0.69137 -0.20644 -0.27672 0.11736 0.03358 0.01631 0.45346 0.25975 -0.06040 -0.08900 0.00403 -0.04866 -0.13557 0.13611 0.05035 0.00604 -0.23553 0.37887 0.04222 0.05930 -0.05256 0.02343 0.01510 -0.06966 0.07450 0.20180 0.20518 -0.37425 0.03391 0.15691 -0.09860 -0.18993 0.04258 0.04219 0.12944
0.45476 -0.23917 -0.12273 0.48900 0.61913 -0.26893 -0.39325 0.61934 -0.22919 0.16187 -0.41918 -0.25735 0.26956 -0.11437 -0.36001 0.33436 -0.33368 0.51313 -0.45933 0.29814 0.07739 0.34621 0.25045 0.17336 0.63241 0.14771 -0.46852 -0.03092 -0.22113 0.36596 -0.48554 -0.21448 0.06416 -0.19355 -0.15288 -0.11328 0.09055 -0.35349 0.06615 0.01410 0.21780 0.35342 -0.00169 -0.02071 -0.15028 -0.11344 0.16429 -0.07665 -0.11249 0.45390 0.08857 -0.40891 0.19948 0.16709 -0.28900 -0.22672 0.13656 0.25609 0.09284 0.00038 -0.25606 0.42925 -0.15819 -0.00541 0.16433 -0.06365 0.20341
0.51946 0.09515 -0.01825 0.64974 -0.03086 -0.57790 -0.39647 0.00853 -0.32455 0.13258 0.06429 -0.06950 0.06170 -0.33642 -0.48016 0.45072 -0.51192 0.20765 -0.53328 0.21918 0.11210 0.56279 0.46774 0.59963 0.22578 0.48157 -0.38488 0.06817 -0.14704 0.43382 -0.38343 -0.10371 -0.46476 0.00082 -0.37959 0.04083 -0.22843 -0.05104 0.20448 0.24369 -0.08941 0.42750 0.00973 0.03496 0.03275 0.10735 -0.00053 0.00263 -0.01649 0.22063 -0.01624 -0.23655 0.03573 -0.08407 0.12230 -0.04948 0.09885 -0.27474 0.16344 -0.02265 -0.07924 -0.08152 0.02392 -0.09515 0.00499 0.37414 -0.06721
0.48628 -0.21999 0.17275 0.22583 0.43423 -0.27943 -0.46869 0.30192 -0.56762 0.52527 -0.46646 -0.27203 0.12142 -0.37077 -0.31574 0.45371 -0.51135 0.25946 -0.46062 0.10739 0.08596 0.36050 0.36454 0.32247 0.28289 0.16899 -0.34915 -0.10125 -0.16091 0.18281 -0.38416 -0.51020 -0.04349 -0.21777 -0.33486 0.03428 -0.08541 -0.14670 0.11294 0.21841 0.08656 0.14675 -0.00649 0.05464 -0.04439 0.30860 -0.23867 0.03114 0.00899 0.36115 -0.22383 -0.04441 0.04710 0.14517 -0.11758 0.13027 0.03911 -0.19748 0.23146 -0.47692 -0.18601 0.08826 0.05445 -0.36454 -0.09453 0.04396 0.27897
