-0.05403 0.24510 0.20558 -0.17744 0.09813 -0.06205 -0.23774 -0.01617 -0.16601 0.30602 -0.23286 -0.24442 -0.21272 -0.26815 0.02429 -0.19534 0.03891 -0.14836 -0.18432 -0.26345 0.44104 0.14774 -0.14674 -0.20521 0.16396 -0.07882 -0.01411 0.28956 -0.07281 -0.02581 -0.04751 -0.21446
0.12778 0.38115 0.42264 0.06611 0.00018 0.23395 -0.16829 0.01503 0.26542 0.03149 0.02175 0.06325 0.16522 0.17216 -0.10470 -0.04091 0.17236 -0.19507 -0.17394 0.11214 -0.11288 0.08096 -0.20070 0.02345 0.39716 -0.31191 -0.24405 -0.14841 -0.40965 0.11022 -0.07837 -0.18842
0.06846 0.31439 0.21167 -0.07745 -0.13091 0.14984 -0.14355 -0.13168 -0.32413 0.26160 -0.03089 -0.18769 0.05546 -0.23386 -0.04347 0.04734 0.28526 -0.26662 -0.11622 -0.15222 0.37749 0.39737 -0.22818 -0.31260 0.15954 0.10992 -0.12925 0.01682 -0.18761 0.16544 -0.18970 0.04866
-0.09346 -0.00696 0.12643 0.09244 0.09558 -0.10285 0.08836 0.02256 -0.11325 -0.02414 -0.17099 0.12229 -0.03392 -0.17334 0.15118 0.11450 0.13095 0.17302 0.15964 0.16521 0.15831 0.20302 0.00311 -0.01480 0.05880 -0.07346 0.08306 0.00512 0.04171 -0.05760 -0.06656 0.13253
0.01719 0.13928 -0.15433 -0.00410 -0.04767 0.05875 0.11284 0.01935 0.14754 0.04335 0.06876 -0.12446 0.03000 -0.17235 -0.15167 -0.11314 0.13322 0.01370 0.01711 -0.01934 0.14854 0.25826 0.03190 0.14058 0.06993 -0.06499 0.03437 0.11624 -0.02732 -0.05292 0.05838 -0.04506
-0.08510 0.14435 -0.00600 -0.06816 -0.14895 0.20039 0.11498 -0.09643 0.00008 0.02894 0.08426 -0.15140 0.00263 0.05890 0.08996 0.01848 -0.04980 -0.16971 0.09555 0.16139 -0.05337 -0.12010 0.00855 -0.12394 -0.08266 0.04819 -0.01679 -0.01202 0.15856 0.00542 0.10761 -0.05502
-0.03881 -0.11695 0.00731 -0.07086 -0.06262 -0.11833 0.35532 -0.09901 0.08149 -0.29352 0.09578 -0.30017 -0.00889 0.07208 -0.16133 -0.42835 -0.00184 -0.16485 0.19287 0.04296 -0.00569 -0.18824 -0.03560 -0.10289 -0.11359 -0.35391 0.02812 0.06175 -0.16959 -0.32595 -0.04706 0.12040
-0.09641 -0.34605 -0.22936 -0.15120 0.05806 -0.05775 0.20861 -0.27011 0.01068 -0.24605 -0.10826 -0.07606 -0.21253 0.06105 -0.03528 -0.27231 -0.07754 -0.10032 0.11868 0.08365 0.05128 0.00977 -0.10923 -0.00511 -0.04824 -0.50628 0.05182 -0.12886 0.07327 -0.20336 -0.16875 0.06417
-0.18590 -0.00807 0.11197 -0.07149 0.13934 -0.14705 0.37198 -0.14884 0.04369 -0.21511 -0.00309 -0.08887 -0.20387 0.10220 -0.09706 -0.32925 -0.31650 0.12380 -0.14725 0.05797 -0.22883 0.00517 0.17314 -0.31820 -0.35577 -0.44554 0.04878 -0.08836 -0.04205 -0.20725 0.03243 -0.08362
0.28493 0.32429 0.22680 0.69232 0.00315 0.61759 0.00395 -0.01208 0.24591 0.47239 -0.00216 -0.00604 0.25484 -0.22870 -0.07899 0.22720 -0.00732 0.09728 -0.04616 -0.05759 -0.01548 0.34291 0.27809 -0.24079 0.60295 0.12060 -0.11177 0.43434 0.61816 0.17970 0.27534 0.03033
0.32420 0.28139 0.62378 0.26870 -0.12055 0.44254 0.21368 -0.14017 0.09430 0.48128 0.22174 0.15137 0.41975 0.26044 0.06976 0.31542 -0.02336 0.03642 -0.03053 0.04768 0.00248 0.16415 0.25241 0.16498 0.46198 0.05806 -0.05766 0.01695 0.52265 0.32028 0.31092 0.09224
-0.19734 0.09951 0.19114 0.30664 0.32282 0.44400 -0.23232 0.07396 -0.08561 0.43505 -0.05857 -0.27413 -0.13489 -0.18657 0.02516 0.16540 0.04905 0.14521 -0.04878 -0.30797 0.09299 0.37379 0.30956 -0.12861 0.22780 0.07530 0.12067 0.22206 0.30339 0.25374 -0.02250 0.03991
-0.08530 -0.11857 -0.33868 0.49239 -0.33299 -0.20343 0.00219 -0.22852 0.10792 0.08236 -0.11741 0.24308 -0.22029 -0.04008 -0.01305 -0.42777 -0.03271 -0.25235 -0.31002 -0.05550 -0.26634 -0.20885 -0.19507 0.12192 -0.19454 0.02709 -0.03875 -0.01027 -0.61837 0.00001 -0.14562 0.06218
-0.06889 -0.23243 -0.13765 -0.11905 -0.06045 0.02154 -0.04036 -0.23448 -0.24091 -0.02223 -0.01923 0.01733 -0.23581 -0.07571 0.10862 -0.03387 0.03632 -0.06193 -0.28252 -0.17688 -0.19583 -0.05975 -0.32044 -0.04814 -0.08328 0.02623 0.04393 0.17064 -0.45785 -0.00528 -0.25053 -0.16515
-0.08345 -0.19959 0.12062 0.49026 -0.14664 -0.07725 -0.07470 -0.17501 -0.07593 -0.24729 -0.14762 0.30377 -0.24566 -0.02374 -0.01806 -0.52578 -0.05134 0.04256 0.16453 -0.02411 0.04228 -0.07511 0.14463 0.00326 -0.22963 -0.12077 -0.18474 0.17903 -0.57911 -0.15737 -0.19985 -0.04666
-0.29198 -0.18274 0.04635 0.07007 -0.08175 0.11318 -0.12232 -0.06892 -0.09365 -0.32913 0.04050 0.14057 -0.09192 -0.19884 0.13684 -0.23020 -0.15824 0.17006 0.29394 -0.26138 -0.11092 -0.23359 0.20245 -0.01261 -0.26374 -0.01318 0.24247 0.05288 0.13402 0.03181 0.11097 -0.13231
-0.06399 -0.23295 -0.04394 -0.04316 0.02404 -0.07570 0.06667 -0.07855 0.22169 -0.23384 0.14116 0.13803 0.01252 0.15230 -0.09446 -0.35938 -0.07643 0.12767 0.28386 0.18096 -0.20286 -0.03392 0.20591 -0.01672 -0.14697 -0.09981 -0.05344 -0.10980 0.12883 -0.16456 0.04901 -0.21995
-0.14919 -0.12953 -0.30458 -0.04917 0.22196 -0.25987 -0.20061 -0.07773 -0.02911 -0.22293 0.07876 -0.17646 -0.15408 -0.06116 0.11741 -0.21771 -0.03798 0.29944 0.27562 -0.09914 -0.15732 -0.20064 0.22162 -0.07101 -0.19673 0.04735 0.32724 0.06831 0.07276 -0.22060 0.09310 0.15537
-0.07387 0.25663 -0.17140 -0.06224 0.07187 0.11167 -0.16475 -0.05585 -0.25023 0.24979 -0.55938 -0.06717 -0.22715 -0.17410 0.16806 -0.00044 0.05444 -0.11265 -0.24396 -0.11479 0.06563 0.09585 -0.27083 -0.27011 0.31041 -0.08679 0.10141 0.18997 -0.26661 0.02797 -0.01987 -0.13325
0.27141 0.14422 0.25763 -0.13950 0.03727 0.20805 0.10502 0.10497 0.00133 0.20113 0.15679 0.24628 0.41398 0.24173 0.05623 0.11395 0.29156 -0.05079 -0.15508 0.21655 0.08125 0.22845 -0.35089 0.21317 0.17334 0.15651 -0.11815 0.08042 0.27938 0.20666 0.03684 -0.01265
0.26027 0.25722 0.19072 0.05830 -0.24978 0.15840 0.03564 0.11706 0.02462 0.36394 -0.04852 -0.29944 0.01912 0.06344 0.09758 0.22135 0.09983 -0.09184 -0.26800 -0.29036 -0.06370 0.28158 -0.17546 -0.09341 0.32602 -0.12417 -0.01427 -0.09348 -0.24519 0.11111 0.10628 0.12780
0.08811 0.25058 0.04707 0.27108 0.19856 0.24799 -0.01709 -0.01130 -0.01457 0.22060 -0.09727 0.05661 0.14400 -0.10789 0.13816 0.13681 0.23971 0.18236 0.30379 0.03772 0.04496 0.11314 0.16404 -0.25328 0.31667 0.31047 -0.20838 0.40634 -0.00146 0.30001 0.32171 0.24848
0.25777 -0.05489 0.78365 -0.00048 0.37979 0.18065 0.30859 0.12991 0.42986 0.36046 0.18640 0.20217 0.28122 0.39463 0.01390 0.19517 -0.03507 -0.00503 0.28065 0.29169 0.04434 0.25048 0.20821 0.27026 0.42013 0.29705 -0.30632 0.06008 0.01839 -0.00086 0.24412 0.32069
0.08510 0.20787 0.16621 0.15350 0.02770 0.25867 -0.06559 0.02453 -0.00240 0.29959 0.01086 -0.19814 0.14540 -0.12048 -0.07018 0.13844 0.34568 0.20970 0.28551 0.09330 0.05750 -0.00499 0.12206 0.03209 0.11552 0.20449 -0.06297 0.01691 -0.02659 0.03681 0.27415 0.03692
-0.04494 0.28561 -0.15058 -0.06690 -0.07994 0.35159 -0.48765 0.27370 -0.24345 0.09074 -0.24154 -0.32517 -0.13961 -0.08996 0.19242 0.19015 0.26146 -0.11689 -0.08902 -0.41959 -0.08270 0.13837 -0.17759 -0.36169 0.24246 0.28508 0.14027 0.04097 0.19676 0.30210 -0.19859 -0.05376
0.20466 0.18542 0.57845 -0.07870 0.13317 0.19918 -0.11234 0.23364 0.05918 0.33435 0.22520 0.03135 -0.00818 0.11763 0.03245 0.10732 -0.03775 -0.05172 -0.16093 0.21319 0.03757 0.10744 -0.10391 0.15619 0.14078 -0.00594 -0.07111 0.12361 -0.05526 0.26719 -0.15147 -0.16889
0.00870 0.06546 0.15439 0.03241 -0.24965 0.14568 -0.18232 0.29666 -0.22983 0.27558 -0.24918 -0.27965 -0.12470 -0.08543 0.34406 0.16381 0.17331 -0.07859 -0.14380 -0.35975 -0.04764 0.27628 -0.13754 -0.24896 0.28907 0.01994 0.19671 -0.22890 -0.08011 0.38115 -0.30638 -0.26625
-0.06515 -0.04961 -0.11042 -0.10933 -0.05096 0.00838 -0.02638 -0.26902 -0.05492 -0.01531 0.06768 0.03785 0.11023 0.06827 -0.02267 -0.09363 -0.30909 0.08501 0.13786 -0.06756 -0.07945 -0.10945 -0.01633 0.13573 -0.14299 -0.00532 -0.16435 0.05396 0.00061 -0.09822 0.10808 0.07520
0.00034 -0.15355 -0.08929 0.01971 0.14714 -0.14064 0.17657 0.01531 0.10163 -0.04905 0.06999 -0.03101 0.01757 0.14382 -0.02979 0.05517 -0.19698 0.02901 0.10267 0.10994 0.08650 -0.05581 -0.04244 0.16097 -0.01572 0.16735 -0.14293 -0.08011 -0.14679 -0.12427 0.13507 -0.12082
0.04626 -0.14346 -0.16459 -0.14687 -0.02076 -0.22566 -0.11032 -0.03542 -0.01814 -0.17496 -0.04915 -0.02260 -0.04876 -0.10590 0.07542 -0.00261 -0.29801 -0.08877 -0.03607 -0.06743 0.04170 0.02545 -0.12758 -0.00259 0.01367 -0.10304 -0.13797 0.04715 -0.00206 -0.14224 0.11106 -0.15126
