0.05716 -0.16857 0.28493 0.23790 0.14277 0.06692 0.55917 -0.00179 -0.04004 0.10374 -0.01412 -0.21475 -0.16291 0.24571 -0.24541 0.07843 0.13699 0.45163 -0.41994 -0.08487 0.13431 -0.32072 -0.06952 -0.27660 -0.27840 0.13865 -0.14331 0.40380 0.39169 0.06981 -0.18984 -0.68296
-0.05930 0.04050 0.07955 0.02900 0.05484 -0.42470 -0.01567 -0.12478 -0.34273 0.55925 -0.11701 0.38694 -0.34921 -0.00430 -0.26190 0.21524 -0.06048 0.09253 -0.53186 -0.18681 0.19019 -0.50006 0.52798 -0.03602 0.10413 0.06279 0.01343 -0.23659 -0.01329 0.18180 -0.52019 -0.20513
0.06243 -0.10782 0.01531 0.14839 -0.01026 0.06557 0.08615 -0.25855 -0.16882 0.40214 -0.29479 -0.21839 -0.36233 -0.30622 -0.09212 0.05663 -0.35941 -0.14041 -0.18787 -0.07444 0.04484 -0.48848 0.16641 -0.10012 -0.44299 -0.03080 0.13364 -0.15661 -0.43393 -0.09115 0.06945 -0.33194
-0.02126 -0.03068 -0.12513 0.11671 -0.06862 -0.38787 -0.03703 -0.17837 -0.33399 -0.10064 -0.10374 -0.22532 -0.11000 -0.17240 -0.26871 0.15405 -0.10169 0.22855 -0.21127 0.02583 0.22622 -0.23952 -0.10960 -0.08213 0.42417 -0.07713 -0.03074 -0.41539 -0.22240 -0.03976 -0.17998 -0.13263
-0.10229 0.11858 -0.17967 0.08069 -0.07671 -0.02619 0.45506 -0.01589 0.13727 0.29454 0.16990 0.11923 0.11482 0.14755 0.39789 -0.15433 -0.09146 -0.21729 -0.06001 -0.09175 0.01648 0.07106 0.02606 0.16313 0.24156 -0.06622 0.02592 0.04493 0.02005 0.16147 0.24212 -0.12886
-0.10211 0.02615 0.25473 0.06285 -0.01516 0.90073 0.17889 -0.18587 0.17446 0.02573 -0.06685 -0.06039 0.12016 0.09625 0.09247 -0.15400 0.45838 0.63359 0.00144 0.21748 0.16504 0.04101 -0.13410 0.20002 -0.29613 0.09915 0.33574 0.69866 -0.22114 -0.00217 0.01270 0.03388
0.02415 0.03653 0.28182 -0.09173 -0.22411 0.33805 -0.31094 -0.12073 -0.25675 -0.21441 -0.21265 -0.33210 -0.34237 -0.07492 -0.35695 -0.15064 0.51794 -0.59544 -0.09835 -0.10102 0.08224 -0.03006 -0.13666 -0.06407 -0.25451 0.02802 0.12090 0.16064 -0.11948 0.00188 -0.24564 -0.29527
0.07227 -0.17061 -0.03751 0.07853 0.13317 -0.01425 -0.11791 -0.32285 0.04711 -0.04833 0.09479 0.00871 0.07558 -0.36746 0.08456 -0.08122 -0.09232 -0.04701 -0.08173 0.03497 0.11278 -0.33066 0.00416 -0.20764 0.02776 0.14563 0.09868 0.09954 -0.09091 -0.04851 -0.00343 -0.13755
0.15005 0.04653 -0.12939 0.15285 -0.00262 -0.07279 -0.10035 -0.27497 -0.04876 -0.26655 -0.22600 -0.15827 -0.12150 -0.09013 0.06116 -0.10592 -0.05177 -0.09909 -0.14311 -0.03109 -0.10607 -0.12701 -0.13815 -0.06084 -0.09976 -0.05517 0.11865 -0.14260 -0.16890 0.13496 0.00777 -0.17317
-0.10614 -0.10397 -0.05536 0.07697 -0.03930 0.09789 -0.14900 -0.22052 0.01470 -0.03567 0.11849 -0.02510 -0.04966 -0.22193 0.04692 -0.10247 -0.09144 -0.19580 -0.21864 0.09881 -0.03271 -0.03456 0.09018 0.03812 0.07075 -0.04588 0.07337 0.03551 -0.04386 -0.03898 -0.02222 -0.05630
-0.12829 0.04104 -0.12996 0.08577 -0.10533 -0.08018 -0.04300 0.09744 -0.14997 0.20856 0.05927 0.10073 0.01418 0.05180 0.11462 0.03482 0.08179 -0.11655 0.01885 0.01603 0.04310 -0.08358 -0.15356 -0.07179 0.06768 0.15222 -0.15963 0.02553 -0.16347 -0.16905 -0.13408 -0.03537
0.04937 -0.13444 0.13620 0.15986 0.01088 0.08118 -0.07164 -0.13812 -0.14604 0.05853 -0.24823 -0.27526 -0.05821 -0.05961 0.05012 -0.07207 0.04075 -0.09302 0.08989 -0.00979 0.10936 0.04572 0.12546 -0.00896 0.00664 0.15234 -0.10384 0.08314 0.07182 0.16887 -0.19936 -0.14646
0.01118 0.05505 0.08868 0.07190 0.15052 -0.19867 -0.14297 -0.14436 -0.12674 -0.08767 -0.16303 -0.32011 -0.23474 -0.25002 -0.02096 -0.15913 -0.08269 -0.15132 -0.02872 -0.13606 0.07888 -0.29422 -0.09156 -0.25945 0.02653 0.16244 0.16559 -0.07227 -0.34103 -0.05840 -0.23634 -0.18476
0.06754 0.08896 0.07838 0.05050 -0.07156 -0.11652 0.07034 -0.19851 -0.11012 -0.09209 -0.25929 0.02582 -0.11059 -0.30249 0.04252 -0.09512 0.08427 0.19699 0.02277 0.05086 0.09192 0.02481 -0.03256 -0.19928 -0.01383 0.13825 0.01520 0.08680 -0.13836 0.05424 -0.08848 -0.10063
-0.29560 -0.29017 0.01470 0.20149 0.11875 -0.00658 -0.14703 -0.00939 -0.26462 -0.31673 -0.19077 -0.06556 -0.18250 -0.27696 -0.08913 0.10887 -0.07455 0.04862 0.00956 -0.11278 -0.12706 -0.02787 0.09025 -0.11263 -0.06749 -0.11198 0.13026 0.01044 -0.11925 0.11957 0.02670 -0.04705
-0.26529 0.00983 -0.06046 0.03249 -0.12428 -0.02950 -0.33092 -0.13299 -0.29577 -0.23410 0.03360 -0.22610 -0.10289 -0.25698 -0.00994 0.21949 -0.12515 -0.17481 -0.27065 -0.10386 -0.09976 0.06114 0.07213 -0.13028 0.05403 -0.15749 0.04752 0.03532 -0.22399 -0.09177 -0.04766 0.01035
-0.24662 -0.08284 0.01185 0.12091 -0.05369 0.01194 -0.09910 -0.08282 -0.12445 -0.10485 -0.00941 -0.19677 -0.15443 -0.19483 -0.22221 0.26999 -0.16292 -0.02659 -0.31030 0.05676 -0.01894 -0.09607 0.01582 -0.01518 -0.06031 -0.11927 -0.15067 -0.20174 -0.08437 -0.08016 -0.11320 -0.10155
0.13590 -0.00719 -0.04836 0.23088 -0.04470 0.19995 -0.08008 0.08786 0.06787 0.25130 0.16482 -0.00336 0.20662 0.13564 0.03408 0.07079 0.11587 0.20810 -0.07094 0.03093 0.23209 -0.00135 0.11397 0.03893 -0.27558 0.07601 0.01679 0.06893 0.09956 -0.00351 0.11567 0.20903
0.03400 0.08300 0.06826 -0.04614 -0.02410 -0.11667 -0.00686 0.33339 -0.21141 -0.19471 -0.11361 -0.15110 -0.05818 0.08988 -0.24094 0.07764 0.23365 -0.24977 0.30196 -0.09075 -0.06927 0.05288 -0.05187 -0.22003 -0.10661 0.14107 -0.02232 -0.18567 -0.02775 0.12321 0.11133 -0.04104
-0.24698 -0.27986 0.15694 -0.25048 -0.02441 0.14741 -0.05902 0.11268 0.16249 0.29666 -0.01068 0.27907 0.24657 0.12108 0.39574 0.24292 -0.05724 -0.05859 0.06448 0.11106 -0.07360 0.08662 0.03283 0.40314 0.19071 -0.03484 -0.14967 0.09609 0.25095 -0.00622 -0.05146 0.24059
-0.15085 -0.13412 -0.04972 -0.02150 0.14387 0.28902 -0.01206 -0.44216 -0.18463 -0.04778 -0.35244 -0.07707 -0.18667 -0.04230 0.12213 -0.06275 0.03335 0.04210 -0.28860 0.16921 -0.19320 -0.34928 -0.05969 -0.12269 0.11839 -0.05188 -0.16756 0.00494 -0.14450 0.13611 -0.14420 -0.14886
0.16764 -0.55268 0.18387 -0.05625 -0.00677 0.19975 0.10520 -0.32434 -0.38430 0.24267 -0.38717 -0.03099 -0.14965 -0.04005 -0.18611 0.06458 -0.07937 -0.43250 -0.37322 0.05835 -0.11858 -0.48802 -0.02474 -0.43790 -0.09340 0.04244 0.03641 -0.10017 0.61294 -0.11909 -0.45284 -0.44801
-0.10014 -0.80497 0.17044 0.20598 -0.13693 -0.34847 -0.69440 -0.27883 -0.31685 0.29384 -0.30255 -0.39554 -0.36266 -0.31460 -0.30252 -0.29202 0.21340 -0.01202 -0.20055 0.17196 -0.05424 -0.24230 -0.19126 -0.43297 -0.00373 -0.04102 0.15448 -0.66775 0.02082 0.12056 -0.04424 -0.10695
-0.17335 -0.81600 0.25717 0.01128 -0.08800 0.01260 -0.44860 -0.26441 -0.03359 0.15337 0.00158 -0.14837 -0.24534 -0.25318 -0.08344 -0.11882 -0.20554 0.01887 0.05794 0.17306 0.12085 -0.03784 -0.09232 -0.28569 -0.15972 -0.05121 -0.02198 -0.04258 -0.17296 -0.17578 -0.17586 -0.07267
-0.04877 0.37762 0.02904 0.25281 0.04880 0.58706 0.21343 -0.23421 -0.02669 0.26429 -0.02531 -0.14255 0.13418 -0.35699 0.23414 -0.35118 -0.10610 -0.60746 0.05588 -0.11483 0.19548 0.02456 0.02299 0.19961 -0.05470 0.17789 -0.06428 1.13475 -0.33063 0.12380 -0.00940 0.37587
-0.17052 -0.33213 -0.06569 -0.06931 -0.09853 0.13574 -0.09201 -0.23791 -0.26198 -0.22201 -0.13488 -0.24768 -0.25121 -0.26262 -0.27709 -0.10859 0.20231 -0.10376 -0.22862 -0.17356 -0.10174 -0.04036 0.02880 -0.47781 0.06708 -0.08484 0.07663 0.25060 -0.18524 0.18965 -0.43064 -0.06228
-0.04504 -0.75044 -0.06929 0.04788 -0.00472 0.00563 0.08231 0.39146 0.24020 0.03505 0.02669 0.12950 0.18733 0.42611 0.09621 -0.09287 0.05882 -0.24460 -0.16382 -0.18190 0.02474 0.35501 0.19423 0.35487 -0.05806 -0.06958 0.04790 -0.04403 0.30077 -0.04305 0.01188 0.38632
-0.04075 -0.76307 0.01730 0.00970 -0.06039 -0.08237 -0.36245 -0.01136 0.00390 -0.24151 0.02643 -0.04032 0.01527 0.57378 -0.03511 -0.22070 0.15849 -0.69271 -0.37918 -0.01077 0.21511 0.13951 0.40976 -0.03229 -0.15994 -0.00864 0.18907 0.05515 -0.15739 0.27504 0.10094 0.14813
0.04401 -0.37337 0.15365 0.04320 -0.05960 -0.44317 -0.09559 -0.36610 -0.18348 -0.03297 -0.35636 -0.15761 -0.24022 -0.27672 -0.35412 0.11235 -0.00548 -0.19713 -0.07997 0.08602 -0.09135 -0.57775 0.20265 -0.25740 -0.13783 0.10173 -0.06084 -0.01491 -0.80136 -0.11492 -0.28927 -0.33789
-0.23118 0.12754 0.00191 -0.09300 0.06987 -0.06665 -0.01800 -0.06561 -0.06316 0.22178 0.09080 -0.11218 -0.07561 -0.02192 0.18572 -0.03534 -0.09845 -0.02671 0.11780 0.00643 0.08428 -0.05520 0.03411 0.15683 0.12748 0.14722 0.13661 -0.01424 -1.03725 0.03623 0.12692 0.07356
-0.11897 -0.17609 -0.13338 0.11520 -0.04753 0.00245 -0.14373 -0.18360 0.01507 0.17883 -0.10267 -0.13266 0.13213 -0.14063 -0.14523 -0.02758 0.14660 0.01388 0.01740 -0.02201 0.14809 -0.13514 0.08473 0.06212 -0.01500 0.02434 -0.13304 0.13034 -1.14671 -0.06602 -0.20173 -0.13667
0.11744 -0.11220 0.16384 0.01802 -0.15968 0.13243 -0.06416 -0.01081 -0.00992 0.06187 -0.11291 -0.12035 0.17027 -0.00585 -0.02952 -0.00450 -0.15618 0.08946 0.09160 0.17144 -0.07923 -0.00239 0.10569 0.26902 -0.11451 0.07512 0.09701 0.16165 -0.24718 0.17125 -0.05815 -0.06103
0.03510 0.04735 -0.11707 0.12142 -0.02025 -0.11626 0.19345 0.12818 -0.08455 0.06020 0.10294 -0.05676 0.11591 -0.06290 0.03732 0.06324 -0.10784 -0.07938 0.12311 -0.17484 0.14908 -0.06397 0.02857 0.13314 0.10632 -0.10972 -0.00023 0.21610 -0.11390 -0.09702 -0.04399 0.19664
-0.00568 -0.32630 -0.14878 -0.05687 -0.12370 -0.26865 -0.22188 -0.23843 -0.10261 0.12006 -0.19347 -0.08051 -0.13013 0.08286 -0.23270 0.00839 0.13845 0.12214 -0.30148 -0.02661 -0.02647 -0.19341 -0.14697 -0.26854 0.12448 -0.05723 0.01265 0.00097 -0.15213 0.00337 0.01875 -0.21899
0.05143 -0.10865 0.09720 0.01416 0.04690 -0.13004 -0.15433 0.14468 0.09556 -0.01468 -0.17494 0.14001 -0.05766 0.07809 -0.06991 0.11274 0.20695 0.14471 -0.06300 0.12388 0.14754 0.08070 -0.11300 -0.08633 -0.13658 0.11823 0.15072 0.08315 0.22857 0.08783 0.16536 -0.06398
-0.07514 -0.22606 0.03257 -0.29178 0.12102 -0.22462 -0.13522 -0.13404 -0.19638 0.10428 -0.22466 -0.04842 -0.23960 -0.18910 -0.13515 -0.48004 0.11008 0.04864 -0.13202 0.15822 0.10847 0.03405 -0.05807 -0.20367 0.05585 -0.11390 0.09088 -0.02416 -0.27176 -0.23952 -0.18549 0.00115
-0.25385 -0.21443 0.00974 -0.05885 0.00737 -0.28800 -0.21372 -0.15891 -0.15288 0.25533 -0.11903 -0.01613 -0.13128 -0.14593 -0.03465 -0.26602 0.02001 0.00190 -0.06855 -0.16983 0.09835 -0.15470 0.03646 -0.12270 -0.05735 0.20747 -0.03928 0.12354 0.02567 -0.01202 -0.18495 -0.06733
0.00909 -0.14639 0.05877 -0.19885 0.11296 -0.08398 -0.12570 -0.19241 -0.31439 0.00309 -0.09409 -0.12825 -0.15424 -0.18950 -0.31649 -0.34393 -0.04124 0.10712 -0.43068 0.06265 -0.15496 -0.34345 0.14687 -0.16076 0.11295 -0.00533 0.01203 0.02478 -0.14896 0.03638 -0.07625 -0.34378
0.15940 -0.10988 0.00984 -0.06740 -0.00072 -0.39293 -0.24940 0.12340 -0.04341 0.55401 0.11164 0.13611 -0.08996 -0.22776 -0.22581 -0.13315 -0.12746 -0.24207 -0.04819 -0.03081 -0.05765 -0.05138 -0.08242 0.20530 0.02576 0.04540 0.06933 0.05020 0.81061 -0.01345 -0.19345 0.17817
-0.11188 0.03080 0.08226 0.16192 -0.10258 -0.13899 0.13687 -0.06712 0.37986 0.08013 0.26378 0.10646 0.10543 -0.11921 0.26704 -0.34916 0.09485 0.00323 0.31808 0.15234 0.16629 0.06216 0.09452 0.23514 -0.16037 0.09836 0.17747 0.24871 0.02794 0.10566 0.26189 0.21593
0.04463 -0.28014 -0.05591 0.15152 0.07243 -0.07441 -0.02140 -0.29952 -0.19216 -0.02962 -0.24266 -0.04314 -0.26733 -0.04241 0.03658 -0.07239 0.01433 0.07205 -0.20421 0.22619 -0.08488 -0.21561 0.08901 -0.16720 -0.18064 0.05994 0.04904 -0.03718 -0.02361 0.08959 -0.29346 -0.31097
-0.23669 0.35632 -0.20284 -0.06898 0.02614 0.04666 -0.15129 -0.51640 0.16038 -0.21914 0.03336 0.02002 0.08387 -0.54685 0.09370 0.04206 -0.01324 -0.03249 -0.05024 0.04674 0.03080 -0.31742 -0.03263 -0.12103 0.03377 -0.01028 0.00136 0.18066 -0.46168 -0.01217 0.14510 -0.25832
0.08973 -0.03384 0.09734 -0.02815 0.02380 -0.02734 0.12974 0.04621 0.15406 -0.66221 -0.00070 0.07772 -0.00002 -0.22641 0.09053 0.11130 -0.09971 -0.00079 -0.00007 -0.24964 -0.13324 0.11068 0.04594 -0.08546 -0.10373 -0.02345 -0.11376 0.00662 -0.08425 -0.02140 0.07185 -0.07673
0.11437 -0.20427 0.12369 0.26001 -0.00069 -0.02231 -0.03015 -0.38758 -0.15390 -0.18494 -0.30235 -0.24651 -0.32438 -0.28912 -0.34289 0.15377 0.08786 0.06021 -0.17504 0.03667 0.15327 -0.44156 0.06537 -0.14858 0.08807 -0.00567 0.00468 0.26939 -0.15055 0.24339 -0.10885 -0.13940
0.14641 0.17789 0.08473 0.10374 -0.06022 0.14123 -0.07305 -0.34581 0.03230 -0.30519 0.05616 -0.02475 -0.01079 -0.05082 -0.06173 0.02209 -0.05214 -0.16723 -0.06241 -0.00059 -0.04000 -0.32418 0.06753 -0.22021 -0.05184 0.04896 -0.20648 0.08972 -0.15693 -0.11687 -0.01545 -0.14647
0.15458 -0.14068 -0.13598 0.14857 -0.14825 0.09932 -0.00349 0.05128 -0.00294 -0.20753 0.09936 -0.04938 -0.09693 0.00984 0.06655 0.06549 0.13569 0.12252 -0.13627 0.11388 0.04865 0.08099 -0.02490 -0.12903 0.03306 0.02877 -0.17001 0.06957 0.10975 -0.05286 0.04437 -0.07673
0.11673 0.24254 -0.11216 -0.14058 -0.03019 0.06926 0.15936 0.04228 0.15080 0.02837 0.15601 0.23214 0.25174 0.17311 0.24677 -0.08869 0.11405 0.19921 -0.09575 0.04290 0.13392 -0.07800 0.16089 0.17803 -0.02640 0.05667 0.20519 0.20198 0.25082 0.00801 -0.09976 0.15382
-0.09333 -0.11534 -0.03510 0.01684 0.03601 0.01331 -0.12447 -0.17983 -0.04720 -0.06801 -0.04457 -0.20875 -0.21657 -0.24312 -0.16948 -0.15621 -0.14316 0.02877 0.02148 -0.18166 -0.01607 -0.09806 0.12424 -0.15497 0.13929 -0.07757 -0.08970 -0.11602 -0.21147 0.23269 0.11737 -0.14963
-0.08517 0.29811 -0.05901 0.10971 -0.00133 -0.00635 0.10824 -0.27287 0.16135 -0.00705 0.09682 0.01181 0.10450 -0.15158 0.12547 -0.12603 -0.15091 -0.16862 -0.04229 -0.23970 -0.02189 -0.31710 -0.05783 0.03193 -0.01135 -0.08619 -0.13782 -0.10222 0.30077 -0.07361 -0.07347 -0.15190
-0.00205 -0.52482 0.10861 0.14243 0.02377 -0.09916 0.02189 -0.07704 -0.31005 0.63893 -0.05243 -0.17650 -0.25383 -0.11846 -0.34862 0.08375 0.03378 -0.22294 -0.24586 0.07817 -0.03653 -0.08749 0.04901 -0.00261 -0.07205 -0.17937 -0.03129 -0.15849 0.08194 0.03555 -0.28200 0.28299
0.27931 -0.47000 0.09103 0.13906 -0.06739 -0.28265 -0.42709 0.12815 -0.22370 0.22263 -0.02013 -0.11611 -0.33064 0.11411 -0.26139 -0.07041 -0.22963 -0.07782 -0.41016 0.00592 -0.13335 -0.01462 0.07043 -0.17797 -0.01738 0.02478 -0.04363 -0.11781 0.19568 -0.11940 -0.28324 -0.06212
-0.03248 -0.05340 0.09566 -0.00641 0.03637 0.20894 0.14927 -0.30647 -0.11991 -0.62956 -0.01224 -0.27537 -0.03738 -0.26292 0.11941 0.08461 -0.23777 -0.05994 -0.10923 -0.10285 -0.01052 -0.03642 0.12103 -0.23121 0.10543 0.06319 -0.17593 -0.00699 -0.16121 0.07742 -0.12720 -0.36295
0.02604 0.32610 -0.04995 -0.14969 -0.13591 0.22776 -0.06607 0.03203 0.09115 -0.10541 0.21214 0.09039 -0.00958 -0.00177 0.24391 -0.19001 -0.01314 0.14928 0.02566 0.00173 0.15863 0.08805 0.00818 0.16832 0.04701 -0.03792 0.17675 -0.03042 -0.02185 -0.00409 0.11056 0.11746
0.02646 0.12104 0.12252 0.03006 -0.23800 0.35014 -0.00936 -0.06629 -0.10778 -0.06832 -0.16681 -0.07639 -0.06471 -0.28136 0.04688 -0.03623 0.18112 0.14598 -0.05114 -0.05107 0.03688 -0.22576 0.01972 -0.16746 -0.02911 -0.04083 -0.01762 0.07175 -0.25641 -0.16010 -0.02056 0.00853
0.19588 0.25106 -0.23583 -0.01457 -0.07609 -0.06043 -0.05291 0.05157 0.00388 -0.01806 -0.19661 -0.04869 0.04305 -0.14910 -0.21767 -0.04458 0.12378 0.06687 0.06345 0.17827 0.15670 -0.03489 0.11035 -0.18535 0.28499 -0.11257 0.01873 0.08598 -0.10352 0.14008 -0.02915 -0.23368
0.00717 0.31252 -0.05146 -0.18113 -0.11891 0.30557 0.05337 0.12205 0.25734 -0.00557 0.06104 0.02153 0.19352 0.07452 0.12790 -0.08959 -0.02452 -0.01092 0.20040 -0.00563 -0.02675 -0.01712 0.20124 0.21844 -0.00651 -0.02478 -0.09662 0.13105 -0.04147 0.12805 0.07886 -0.04609
-0.25013 -0.43014 0.03827 0.05105 -0.01690 -0.21452 -0.11168 0.24271 -0.22627 1.09442 -0.24444 -0.17380 -0.08044 0.07538 -0.01959 0.11047 0.15717 0.18085 -0.17039 -0.17369 0.11203 0.12792 -0.12664 -0.12203 -0.33512 0.14269 -0.10100 -0.02444 -0.09566 -0.12050 -0.15526 0.19431
-0.05485 -0.41220 0.27233 0.21703 -0.10080 -0.11557 -0.23102 -0.09258 -0.30879 0.35989 -0.36049 -0.13157 -0.27288 -0.18534 -0.15798 0.07755 0.10490 0.23541 -0.19260 -0.33269 0.08695 -0.36983 0.03077 -0.45287 -0.05337 0.12272 -0.06902 -0.22294 -0.30813 0.10300 -0.13377 -0.25394
0.11112 -0.28597 0.25613 -0.00818 -0.10308 -0.31179 -0.29410 0.01252 -0.08075 0.43954 -0.21866 -0.01579 -0.13515 0.15263 -0.19555 0.28459 0.05298 0.03385 -0.16511 -0.21522 -0.09477 0.00943 -0.11546 -0.18083 -0.36295 -0.12932 -0.17177 -0.09325 -0.02513 0.03967 -0.11586 -0.06895
0.15757 0.02533 -0.17756 -0.06509 0.08805 -0.17555 0.12539 0.26396 0.08023 0.09987 0.17747 0.30027 0.25374 0.07739 0.04872 -0.24861 0.15385 0.06322 0.21182 0.25703 -0.02242 0.06411 0.02166 0.15841 0.17635 0.01490 0.06039 -0.01744 0.02330 0.06250 0.26907 0.02076
-0.26668 -0.21271 0.11959 0.18301 -0.08956 0.57246 0.14842 0.00727 0.17886 0.03868 -0.00692 0.15869 -0.08623 -0.00754 0.20047 -0.01809 -0.20989 0.02066 -0.02596 -0.18473 0.03279 -0.22310 0.05605 -0.01936 0.02059 0.06223 0.01460 0.17280 -0.02329 0.26491 0.02214 0.15721
0.02909 0.06707 0.23660 -0.06126 -0.05159 -0.11391 0.08489 0.06130 -0.11257 -0.13272 -0.01284 0.03593 -0.01471 -0.09755 -0.19971 0.30082 -0.14236 -0.20104 -0.07955 -0.04475 0.07280 0.16553 -0.09774 -0.10413 -0.15556 -0.07692 -0.17904 0.14064 -0.21486 0.04444 -0.07896 -0.05065
-0.09595 0.09670 -0.14296 0.12172 -0.20930 -0.02668 -0.16888 -0.29712 -0.15481 -0.06494 -0.15030 -0.26680 -0.13926 -0.01083 0.00907 -0.38608 0.00309 -0.20657 0.04190 -0.06037 -0.12586 -0.27014 -0.09368 -0.11433 -0.07783 0.08951 -0.00273 -0.16492 -0.21221 -0.19430 -0.18673 -0.03922
-0.09115 -0.38636 0.08586 -0.04378 -0.04457 -0.27238 -0.15125 -0.34667 -0.51129 0.11116 -0.45802 -0.48742 -0.62396 -0.28945 -0.52602 -0.10087 -0.04091 0.00924 -0.59768 0.02940 0.12300 -0.40348 0.16874 -0.38911 -0.13941 -0.06958 -0.04254 0.05288 -0.36592 0.14225 -0.41482 -0.55927
-0.06481 -0.49829 -0.04874 0.08691 0.00171 -0.32309 -0.15296 -0.36866 -0.62788 -0.14100 -0.57647 -0.32009 -0.51584 -0.36698 -0.60682 0.11309 -0.02854 0.03409 -0.42365 0.04986 0.11315 -0.43052 0.01829 -0.48436 -0.13737 -0.04046 0.16825 -0.12529 -0.47393 -0.17542 -0.42576 -0.61407
-0.09054 -0.18694 0.07321 0.09418 0.03027 -0.30470 -0.08226 -0.57309 -0.57884 0.06020 -0.51667 -0.31246 -0.59152 -0.44156 -0.30954 -0.15271 0.15042 0.04760 -0.62372 0.15397 -0.04813 -0.50962 -0.13790 -0.61923 0.03936 -0.17364 0.07264 -0.04368 -0.29682 -0.04328 -0.37277 -0.45028
0.05196 -0.07192 -0.12160 0.02251 -0.11283 -0.10959 -0.16998 0.01892 -0.04285 0.13767 0.20266 0.11721 0.21890 0.08512 -0.09126 -0.01769 -0.02869 -0.10733 0.12562 -0.05517 -0.08453 0.07321 -0.11753 0.22158 0.11186 0.16734 -0.03131 0.05773 0.06816 -0.14628 0.15525 -0.04821
-0.06381 -0.07916 -0.17246 0.00634 0.02896 -0.01314 0.13001 0.08374 0.04307 -0.09642 -0.02972 0.05014 -0.02848 -0.11661 0.05189 -0.03121 -0.10791 0.10329 0.22519 -0.12053 0.07743 -0.00676 -0.01836 0.24029 0.02262 -0.16855 0.16251 -0.00748 -0.01325 -0.09336 0.22686 0.07825
0.09764 0.11618 -0.06861 0.01500 -0.11435 0.14762 -0.09348 0.04215 -0.03048 0.10905 -0.19982 -0.08077 0.01633 -0.00706 -0.07781 0.08614 -0.13212 -0.03544 0.00525 0.08670 0.16419 -0.11024 0.04189 -0.16225 -0.02967 -0.08874 0.13100 0.00108 -0.00335 0.09724 -0.04233 -0.05646
-0.01294 -0.14974 0.02848 -0.03916 -0.14859 0.16470 -0.01885 -0.01296 -0.09683 -0.16282 0.14259 -0.00543 -0.00109 -0.10229 0.21796 -0.04250 0.11458 0.14034 -0.06179 0.13188 -0.03376 0.24458 0.09029 -0.09597 0.03284 0.06214 -0.06413 0.13405 -0.07112 -0.05609 0.24371 0.24792
