0.14198 0.10264 -0.06416 -0.05281 0.17215 0.10319 -0.15002 0.21286 -0.04543 0.06365 -0.16577 -0.12653 -0.10606 0.18512 -0.06458 0.11083 0.06175 0.07397 -0.02977 -0.06478 -0.07223 -0.10190 0.03494 -0.03379 -0.07952 -0.15203 0.05517 -0.15425 -0.01742 0.09230 -0.08617 0.08962 -0.25247 -0.08887 -0.16608
0.25675 -0.33284 0.15781 0.11489 0.25447 -0.17763 0.08762 -0.02001 -0.76038 0.41733 -0.18372 -0.23498 0.11411 0.10339 -0.11677 0.14381 -0.00281 -0.00938 -0.26520 0.05960 0.21264 0.01879 0.03278 -0.13726 -0.13120 0.21934 0.29744 0.16104 -0.21747 0.14940 0.03771 0.13949 0.17064 0.34402 0.13505
-0.04132 0.00858 0.08320 0.16134 0.02068 -0.12496 0.04457 0.13164 -0.04029 0.27590 -0.07385 0.08836 -0.14466 -0.00518 -0.03053 0.01844 -0.16597 0.08777 -0.19315 0.03552 0.07805 0.14118 -0.08387 0.27133 0.28592 0.15976 0.09027 0.15165 -0.06422 0.03956 -0.16073 -0.05478 -0.06572 -0.10954 -0.10898
0.13793 0.01398 -0.16334 0.30183 0.07589 0.02757 0.16489 0.03502 -0.04205 0.16381 -0.21304 -0.01680 -0.02390 -0.08136 -0.04595 0.14593 -0.17901 0.13844 0.16231 -0.01102 -0.05109 -0.18315 0.03176 -0.11962 -0.07562 0.17067 -0.19737 0.11830 -0.05497 0.13663 0.06784 0.08450 0.04909 0.08384 -0.13244
0.12609 0.06088 -0.01031 -0.10937 0.06935 0.11621 -0.03362 -0.14273 -0.16749 0.01906 -0.16358 -0.04462 0.14936 0.04400 -0.10502 0.03095 -0.11690 -0.05077 0.06989 0.15544 -0.22960 0.16007 0.02038 -0.10377 0.07953 0.06331 -0.02013 -0.12617 -0.12969 0.07011 0.02953 0.07650 -0.08168 -0.08894 -0.10247
-0.10325 -0.08723 0.11975 0.04092 0.36737 -0.15195 -0.50115 0.25596 -0.36105 0.17579 -0.25133 0.00964 -0.17304 0.09399 0.27817 -0.13109 0.03247 -0.25017 -0.11967 -0.27267 -0.20561 -0.26556 -0.04622 -0.08665 -0.38773 0.14042 0.33502 0.19545 0.11310 0.21627 -0.04296 -0.02922 0.27726 0.11307 -0.05045
0.39095 -0.19095 0.25585 0.04301 -0.28155 -0.22929 0.03473 0.24755 -0.26223 0.07593 0.04613 0.09494 0.00535 0.21055 0.12852 0.05382 0.15286 -0.29484 -0.36721 -0.10507 0.08502 -0.04741 0.28845 -0.03385 -0.30246 0.10563 0.04540 -0.23956 -0.00656 0.00550 -0.07490 -0.15088 0.22481 0.11220 -0.09924
0.01093 -0.07128 -0.07102 -0.18406 -0.12342 -0.10214 0.09934 -0.01784 -0.05699 0.18698 0.00105 -0.08607 -0.07624 -0.07026 -0.16041 0.03735 0.01448 0.05133 0.00775 -0.10308 0.01521 -0.09593 0.14514 -0.07287 0.02500 0.10625 0.12950 -0.09482 0.10124 -0.05062 -0.21446 -0.01381 -0.37891 -0.28960 0.25299
0.53499 -0.10515 0.12595 -0.21782 0.58076 0.23112 -0.24945 -0.00535 -0.47317 0.05279 -0.28422 0.12353 0.15831 0.44924 0.22493 0.16262 -0.21198 -0.16541 -0.20291 -0.00996 0.09559 0.02305 -0.07856 -0.19173 0.12092 -0.03045 0.24148 0.21161 0.00098 -0.10176 -0.01020 -0.13948 0.25922 0.21818 0.19990
0.70856 -0.24580 -0.13979 -0.11989 -0.28160 -0.29926 0.28815 0.25956 0.14885 -0.15544 0.29733 0.01880 -0.04778 0.19746 0.17034 -0.11795 0.14934 0.02622 -0.09730 -0.24040 0.08889 -0.05516 -0.08908 0.02817 0.01353 -0.05908 0.06336 0.12141 0.02556 -0.21967 0.08844 0.10289 -0.01042 0.14873 -0.01729
0.43913 -0.19751 -0.05056 0.16868 0.12977 0.19900 0.07083 -0.30608 -0.19296 0.21881 0.05960 0.03550 0.10511 0.38039 -0.05243 0.09041 0.12394 -0.10254 -0.38229 0.08570 -0.02931 -0.04797 -0.04430 0.03443 -0.21371 -0.12006 0.12111 0.04734 -0.13779 -0.17560 0.13688 0.11819 -0.05818 -0.08725 0.09164
0.24372 0.13582 0.05094 -0.18451 0.07685 -0.03601 -0.06926 -0.30884 -0.02530 0.01663 -0.09527 0.24027 -0.20970 0.22550 0.13711 -0.11182 0.17384 -0.26749 -0.16801 -0.15772 0.10882 -0.04368 -0.17082 0.12748 -0.04226 -0.21729 0.00130 -0.07392 0.08794 -0.00760 0.00964 0.13149 -0.09959 -0.10600 0.06183
0.21840 -0.11427 -0.06648 -0.19834 0.10517 0.20117 -0.05437 -0.06012 -0.29719 0.20948 -0.07277 -0.02942 -0.01852 0.23983 0.23437 0.14164 -0.10808 -0.10728 -0.32258 -0.16667 0.33163 0.02323 -0.36686 -0.28404 -0.35232 -0.01212 0.28939 -0.19532 -0.01924 -0.05187 0.12286 0.30937 0.12033 0.16438 0.09232
0.29009 0.03656 -0.01129 0.21540 -0.07167 -0.21013 -0.63197 -0.13117 0.03762 0.25843 0.05850 0.08430 0.11969 -0.20540 -0.19831 0.11688 -0.01118 -0.08328 0.05195 -0.24728 0.18178 0.06649 0.27568 0.05796 0.08210 -0.06526 0.20440 -0.33158 -0.03169 -0.10851 -0.21479 0.16327 -0.27023 -0.28309 0.10700
0.05444 0.02968 0.23273 -0.18412 0.34614 0.14368 -0.57899 -0.09386 -0.03506 -0.05195 -0.06072 0.10694 -0.07149 0.26679 -0.14716 0.17484 0.11892 -0.07508 -0.25338 -0.23348 -0.06274 -0.04466 -0.15338 -0.20550 -0.08406 -0.11191 0.36301 -0.13318 0.00663 0.09593 -0.10355 0.03287 0.28644 0.19146 -0.01817
0.25211 -0.16050 0.20161 0.03218 0.33452 -0.07435 -0.03214 0.20349 -0.02699 0.21569 -0.17044 0.02182 -0.01921 0.04409 0.09349 0.11888 -0.26212 0.26606 -0.10698 -0.05436 0.03389 0.17309 0.10172 0.19713 0.24864 0.11677 -0.02291 -0.04944 -0.22332 0.21502 -0.32981 -0.13051 -0.19981 -0.00319 -0.18668
0.08859 0.03526 0.10139 0.05342 0.00441 -0.08045 -0.07146 -0.03046 -0.03745 -0.01832 0.09318 -0.03475 0.13619 -0.18163 -0.09553 0.19293 -0.16959 -0.04117 -0.18730 0.14354 0.11959 -0.03353 0.03967 -0.09763 -0.06676 0.15262 0.05653 -0.01745 0.03598 0.16289 0.04441 -0.19076 -0.05099 -0.15098 -0.15753
0.04201 0.01723 -0.12484 0.00326 0.23152 -0.08775 0.11854 0.19506 -0.11252 0.02735 -0.18425 -0.21331 -0.10511 -0.09780 -0.11328 0.27865 -0.09385 0.16784 0.14983 -0.05553 -0.19932 0.11186 -0.20106 0.11488 -0.14614 -0.05100 -0.04631 -0.01082 0.08619 0.26223 0.12457 -0.11855 -0.15727 -0.09494 -0.26095
0.08775 -0.54235 0.29894 -0.12387 0.14821 -0.07362 -0.25550 0.08453 -0.26924 0.55724 -0.04060 -0.22697 0.44637 0.39181 -0.14460 0.22141 -0.13822 0.18196 -0.28090 0.23492 -0.04281 0.14552 -0.08577 0.22737 -0.16126 0.19952 0.21818 0.13281 -0.21678 0.21033 -0.27944 -0.26520 -0.05621 -0.04777 0.21091
0.23828 -0.10876 0.04466 -0.01105 0.03985 0.10311 -0.02870 -0.03041 0.14265 0.13169 -0.13567 0.14153 0.10561 -0.03707 -0.15126 0.12424 -0.26281 0.15358 -0.30074 0.00258 0.08242 0.03426 0.16940 0.06960 -0.11813 -0.09441 -0.12885 0.02347 0.11263 -0.02120 -0.04667 0.07932 -0.09832 0.02369 -0.09243
0.05602 0.11464 -0.00282 -0.00674 0.05150 0.04204 0.12165 0.07957 0.08599 0.08273 0.13878 0.10973 0.19278 -0.22700 0.13073 0.19745 0.04446 0.01426 0.17437 0.17654 -0.03046 -0.00858 0.27471 -0.02170 -0.14376 0.19296 0.10530 0.03139 -0.10688 0.08240 0.08900 0.01135 0.00805 -0.00700 -0.22106
-0.02792 -0.20563 0.19426 -0.15444 -0.15390 -0.13330 -0.01249 -0.06689 -0.10533 0.13448 -0.21021 -0.04362 -0.02736 -0.18699 -0.18006 0.09432 0.10598 -0.10955 0.03438 -0.11479 -0.04062 0.08026 0.20352 0.16051 0.03252 -0.02827 -0.02907 0.01161 -0.19825 -0.06877 -0.16752 -0.03573 -0.11501 -0.27538 0.26005
0.45524 -0.22794 -0.17802 -0.02105 0.14294 -0.19145 -0.04138 0.02322 -0.10995 -0.02860 0.07324 -0.06047 0.15045 0.01225 -0.14287 0.08557 -0.03465 0.11893 -0.16082 -0.10655 -0.13106 -0.02769 0.12826 0.16299 0.05253 0.29373 -0.02246 0.09653 0.07049 0.06613 -0.19141 -0.05595 -0.07278 -0.02272 -0.12719
0.08630 -0.09030 -0.21327 -0.03532 -0.37408 0.03441 -0.05591 0.00832 0.31216 -0.29162 0.45643 0.28615 0.13485 0.20196 0.28095 -0.00612 0.02072 -0.26424 -0.01755 -0.28911 0.08603 0.08252 0.01678 0.12017 -0.15747 -0.27324 0.18589 -0.11152 0.09969 -0.30721 0.21074 -0.03376 0.13243 0.12707 0.19447
0.21050 0.09483 -0.11725 -0.21425 0.22159 -0.03773 -0.10331 0.06439 0.08741 0.07232 0.09405 0.02262 -0.04296 -0.34845 -0.20412 0.15681 -0.14840 0.30051 -0.08475 0.02451 -0.12746 -0.05058 0.09223 0.14510 -0.01121 0.05786 -0.07130 0.06138 -0.24431 0.17282 -0.25633 -0.11603 -0.06323 0.04566 -0.08635
0.04570 0.01224 -0.02173 -0.05322 0.04950 0.01535 -0.15189 -0.10136 0.11054 0.09367 -0.02298 -0.00917 0.04162 0.05405 -0.13385 -0.02190 -0.17814 -0.11508 -0.05458 -0.00332 0.11646 0.04831 0.08473 0.06074 0.11357 -0.02918 -0.04700 -0.01665 -0.15902 -0.00286 -0.17237 -0.11019 -0.15765 0.04531 -0.12517
0.14989 0.05923 -0.14449 0.25136 0.07022 -0.08363 -0.00486 0.11745 -0.05938 -0.01387 0.02023 -0.05343 0.06482 0.01004 -0.01830 0.12795 -0.09032 -0.01542 0.12713 -0.03289 0.04455 -0.11142 0.17851 0.06118 -0.03505 -0.15394 0.01708 0.04918 -0.10549 0.00359 -0.22011 -0.23377 -0.08133 -0.01724 -0.15182
0.10589 -0.10606 -0.07636 -0.15244 -0.03741 0.19738 0.20333 -0.21846 0.15154 -0.14085 -0.13110 0.08550 -0.09005 -0.09054 0.10988 0.10415 0.03484 -0.11973 0.19512 -0.20227 0.18071 0.23610 0.28238 -0.02322 0.23279 0.04943 -0.03519 -0.11280 -0.07711 0.04221 0.22387 -0.02309 0.00410 -0.08678 -0.24281
0.34917 0.11250 -0.11183 0.15425 -0.06161 0.27887 0.35050 -0.10406 0.16402 -0.03561 0.29743 -0.10651 -0.11204 0.35814 0.14355 -0.03239 0.17523 -0.02190 0.08373 0.05804 -0.04380 -0.02041 -0.24225 -0.14371 -0.24840 -0.03689 0.21758 -0.15306 0.33176 -0.01132 0.09610 -0.05203 -0.69814 -0.20433 0.02862
0.01269 0.12503 -0.01374 0.01061 -0.10510 0.01996 -0.20318 0.20715 0.00159 0.01678 -0.00364 0.04055 -0.06866 -0.00035 0.11542 0.17871 -0.14504 0.07536 -0.02011 0.07771 0.00606 -0.05423 0.08678 0.03280 0.22851 0.04352 -0.22712 -0.05624 0.14487 -0.06164 -0.26214 0.03451 0.04803 -0.14616 -0.22387
0.06545 -0.03284 0.02571 0.01729 0.18623 -0.29515 -0.25952 -0.13586 -0.31280 0.57113 -0.08692 -0.05527 0.24147 -0.12582 -0.34134 0.55553 -0.23584 -0.10314 -0.21470 0.20527 0.16673 0.13565 0.00994 -0.05599 -0.19329 0.32084 0.23156 0.17239 -0.24667 0.28002 -0.09885 0.01466 -0.00764 -0.03449 0.10894
-0.00378 -0.30386 0.10790 0.04718 -0.27136 -0.15677 -0.31533 0.12936 0.20147 -0.17256 0.12271 -0.02146 0.30635 -0.07789 -0.15744 -0.06314 0.16478 -0.09202 0.22316 0.07488 -0.13772 -0.04946 -0.18433 0.28202 -0.13001 0.06902 0.19755 -0.09707 -0.26276 -0.17044 0.02305 0.00393 -0.12947 -0.36390 -0.08061
