-0.03843 0.10434 -0.16745 0.00567 -0.14744 -0.11460 0.09941 0.23311 -0.09387 0.00888 -0.18398 0.02737 -0.00232 -0.17205 0.01561 0.14133 0.10800 0.12813 -0.32686 0.06454 0.04306 0.23774 -0.07033 0.14915 0.07683 0.28980 0.21126 -0.15237 -0.13780 -0.07264 -0.24170 0.07436
-0.11458 -0.16709 -0.16234 -0.16556 -0.13987 0.15196 0.05689 0.02631 -0.03216 -0.17713 0.02991 -0.16506 -0.18648 -0.17099 0.11154 0.04548 -0.13767 -0.09127 0.04019 0.17574 -0.01597 0.02388 0.03343 -0.15066 0.00156 -0.17577 -0.12252 -0.09132 -0.00547 -0.01926 -0.17467 -0.01802
0.04252 -0.03577 -0.04957 0.03238 0.07679 0.13703 -0.18453 -0.05962 0.10073 0.14206 0.10444 0.10438 0.03576 -0.20836 -0.00174 -0.11461 -0.20818 0.16314 0.07703 -0.22015 0.03359 -0.04973 -0.04929 -0.15638 0.10410 -0.05312 0.06480 0.07695 0.13061 -0.00695 -0.25185 -0.17892
0.04272 0.00515 -0.18880 -0.02172 0.13587 0.10281 -0.03533 0.02412 -0.64354 -0.02367 -0.13249 -0.10108 0.21374 -0.02570 -0.24070 0.18860 -0.15379 0.19350 0.09949 -0.29734 0.01697 0.00668 0.07134 0.03903 0.22558 0.32423 0.00861 0.17028 -0.18315 -0.11917 -0.09489 -0.08013
-0.14711 -0.20103 -0.06322 0.08178 -0.16843 -0.00907 0.11597 -0.02868 0.02066 -0.01560 -0.06015 0.11240 0.15920 0.06246 0.09055 0.03600 -0.20644 -0.11368 0.04747 -0.05161 -0.07345 -0.14899 -0.18588 -0.19083 -0.01714 0.04417 0.09557 -0.18079 0.05327 -0.18493 -0.10924 -0.06732
-0.07389 -0.09770 -0.16514 -0.19013 -0.08637 0.06316 -0.05613 0.03792 -0.17339 0.05996 0.20067 0.06462 0.17130 0.03036 -0.17993 0.18276 -0.02985 -0.08808 0.05887 -0.21468 0.08382 -0.04354 0.12273 0.02001 0.05920 0.06405 -0.05522 -0.10752 -0.12059 0.06198 0.07872 0.14550
-0.11374 -0.03242 -0.09449 -0.07323 -0.09983 -0.01326 -0.18260 0.02902 0.08504 0.11644 -0.25185 -0.00576 -0.03776 0.18147 -0.19306 0.23347 0.02343 -0.01176 0.00421 -0.11305 0.02714 0.00983 0.02313 -0.00440 -0.06280 -0.02643 0.12859 -0.23840 -0.00107 0.11746 0.05811 0.02633
-0.17140 0.03290 -0.11269 -0.02452 -0.06868 0.01038 -0.04411 0.20504 -0.10671 0.12812 0.10127 -0.07880 0.16576 -0.14642 -0.14956 0.09929 0.03726 0.11842 -0.05136 -0.09450 0.08647 -0.18321 0.14915 -0.17860 0.05458 0.04819 -0.02486 0.08643 0.13324 -0.08203 -0.08916 -0.07083
-0.19106 0.06673 -0.07252 -0.09450 -0.07483 0.11374 0.15920 0.29417 0.10327 -0.08609 -0.19053 0.11996 0.23960 0.17201 -0.09669 -0.01250 -0.25990 0.03797 -0.09204 -0.17968 0.14869 -0.12005 -0.01982 0.04050 0.07251 -0.06309 -0.15338 -0.01387 0.01370 0.15288 -0.04526 0.06305
-0.07564 -0.00786 -0.10766 0.05979 0.05589 -0.00365 -0.03976 -0.10897 0.12225 -0.13160 0.03720 -0.05944 -0.08529 0.03176 -0.09183 0.04073 0.03472 -0.13125 -0.00579 0.07529 0.06997 -0.02225 -0.18014 -0.02725 0.06140 -0.06450 0.06710 0.11773 -0.09230 -0.03348 0.03788 -0.02136
