-0.10201 -0.15471 0.11036 0.15841 -0.05842 0.09273 0.04056 0.17080 0.16131 0.14749 -0.03834 -0.00631 0.15265 0.17275 -0.09874 0.23025 0.06134 0.10492 -0.04817 0.00712 -0.02151 0.13016 0.03550 0.03954 0.02980 0.03355 -0.08138 0.04573 -0.07212 0.03151 -0.11227 -0.14676 -0.16502 0.06044 0.18482
0.25818 0.16345 -0.26601 -0.11975 0.13766 -0.09817 0.00875 -0.14759 -0.07713 -0.15081 -0.09599 0.15645 0.11006 0.12146 0.14444 0.15354 -0.04741 0.04033 0.18379 0.03358 0.24938 0.04108 0.13816 -0.09214 0.03753 0.03316 0.05093 -0.15330 -0.04382 -0.11709 0.11553 0.15783 -0.03100 -0.21699 0.14553
0.20222 -0.03074 -0.17909 0.21104 0.14136 -0.13199 0.07878 0.17556 -0.04368 0.15037 -0.13213 -0.07348 0.21534 -0.08676 -0.17537 0.03044 -0.10149 0.00472 0.06107 0.20332 0.04463 -0.06007 0.13445 0.10928 0.13714 -0.14259 -0.06980 -0.16386 -0.12352 0.12135 -0.15031 0.00515 0.11538 -0.08185 -0.00652
-0.00309 -0.05707 -0.01063 0.13850 -0.15467 -0.28295 -0.16758 0.06161 0.03891 -0.11730 0.02787 -0.12020 0.16953 0.14226 -0.35874 0.22634 0.03730 0.26572 0.04441 -0.09177 0.08725 0.14912 0.01547 -0.17685 -0.00010 -0.06459 -0.05567 0.05000 -0.27324 0.08425 -0.02675 -0.06400 -0.24833 -0.14637 -0.02624
0.10958 0.11035 0.09675 0.04859 0.07291 -0.20026 -0.19896 0.13701 -0.11281 0.14909 -0.15709 -0.13115 -0.07439 0.10402 -0.07669 0.21962 0.07822 0.15980 0.04434 -0.02428 -0.05351 0.08478 0.14397 -0.08633 0.19049 0.02874 -0.19793 -0.09427 0.11726 0.21276 -0.20883 0.05298 0.05435 0.03715 0.19285
-0.03819 0.08753 0.00339 -0.06885 -0.00754 0.03148 0.08503 -0.10547 -0.13540 0.09122 0.03381 -0.05337 -0.01200 0.07667 -0.04532 0.06335 -0.06574 -0.01018 -0.11351 -0.06107 -0.06729 0.10179 0.00366 -0.02982 -0.05194 0.12546 0.14662 -0.14988 -0.09298 -0.21561 0.00084 0.00619 -0.09343 0.02214 -0.02735
-0.01721 0.02797 -0.07876 -0.06167 0.08004 0.06328 -0.13490 0.04015 -0.14236 0.22353 -0.20806 -0.16609 0.17570 -0.09959 -0.04564 0.11886 -0.13490 -0.04406 -0.02494 -0.03741 -0.08147 -0.03946 -0.01419 0.14172 -0.02447 0.14519 -0.04934 -0.10929 0.15806 0.08908 0.08153 0.12810 -0.03366 -0.17285 -0.03555
0.07382 0.01878 -0.31213 -0.01508 0.21812 0.03088 -0.35352 -0.24787 0.13700 -0.13862 -0.00054 0.14631 -0.02875 0.06685 0.25007 -0.18795 0.03346 -0.22703 0.24013 -0.01154 0.18474 -0.27725 0.14758 0.02173 0.06564 -0.26238 -0.02788 -0.23491 0.30328 -0.18605 -0.01304 0.21957 -0.04804 -0.05002 -0.05245
-0.01256 -0.13160 -0.01623 -0.19873 0.04328 0.15048 0.21184 0.21935 0.24264 0.00686 -0.10890 0.21509 0.05807 -0.20393 -0.04929 -0.14170 0.20548 -0.11554 -0.23991 -0.07070 0.25808 0.16584 -0.00283 0.00048 0.23026 -0.14701 0.06566 -0.26206 -0.22584 0.09861 -0.02480 0.03412 -0.00295 -0.04509 -0.06487
0.15002 -0.06900 0.23992 -0.17931 -0.11060 0.17899 -0.13970 0.06400 -0.05679 -0.19248 -0.03540 0.07556 0.13390 -0.08421 0.11722 -0.11976 0.02504 0.04276 -0.13939 -0.04079 0.17585 -0.09554 0.08086 -0.09268 0.06006 -0.22220 -0.02258 -0.07148 0.11136 0.02391 0.18780 0.02892 -0.00217 0.14005 -0.08734
0.18048 -0.22902 0.04603 0.01691 0.00832 0.02224 0.06256 -0.21778 0.05133 0.14325 0.13183 -0.14556 0.27818 0.36589 -0.09183 -0.09861 0.18616 -0.15304 0.04644 0.04882 -0.20697 0.14646 -0.29450 0.16584 -0.09688 -0.04371 0.05980 0.25317 -0.09976 0.03851 -0.17818 -0.17044 -0.11215 -0.36330 0.20722
-0.00623 -0.04680 0.06810 0.16755 0.13113 0.01149 -0.09822 0.02474 -0.16307 -0.02749 -0.11530 0.10429 -0.03487 0.03384 -0.14461 0.03963 0.01262 -0.06342 -0.01263 -0.09192 0.10884 0.07897 -0.03778 0.21333 -0.01683 -0.04717 -0.05973 0.19349 -0.20781 0.21569 0.10636 0.04606 -0.12150 -0.02366 -0.10217
-0.29899 -0.04487 0.19601 0.09621 0.00796 0.04534 -0.18671 0.09406 -0.06751 -0.17245 0.09686 0.12562 -0.14682 0.14938 0.08499 -0.23106 0.12783 0.12109 -0.06731 -0.08543 0.03044 -0.21591 -0.00215 0.01461 0.03062 -0.13435 0.23017 -0.09211 0.23531 -0.26672 -0.14418 0.11351 0.04840 -0.02942 -0.15738
-0.19422 -0.08952 -0.26060 -0.08927 0.11865 0.05083 0.19473 0.18907 0.20987 -0.14567 0.00105 -0.05759 -0.14724 -0.10496 0.01613 -0.04033 0.10460 0.09390 -0.05537 -0.09667 0.27354 0.14707 -0.28932 -0.07216 0.02596 -0.18655 0.04918 -0.02033 -0.15041 -0.06224 0.12388 -0.04155 0.15477 -0.07397 0.03421
0.28982 -0.14552 0.05945 -0.00284 -0.04269 -0.06830 -0.16817 -0.05752 -0.00732 0.09366 0.07598 -0.04656 0.05720 -0.12025 -0.26824 0.22479 -0.06201 -0.08003 -0.16666 -0.00567 0.00854 0.20352 0.19402 0.10949 0.08377 -0.03607 0.04949 0.13459 -0.02179 0.09009 -0.05372 0.13479 -0.01021 -0.20058 0.16611
-0.38683 0.13583 -0.19869 0.07981 -0.39181 0.18136 0.10040 -0.00406 0.14600 0.08188 0.01864 0.10706 -0.17893 -0.28253 0.12714 -0.12872 0.15575 -0.29971 0.14174 -0.11705 0.27506 0.05038 0.27527 -0.24568 -0.03780 -0.23286 -0.30814 -0.39599 0.31329 0.04380 0.17805 0.23726 -0.19324 0.04334 0.07806
0.07318 0.15182 0.18008 0.17362 -0.26694 0.19370 -0.20166 0.00804 0.10314 0.09509 0.26056 0.16006 0.28869 0.12692 0.08840 0.08591 -0.30226 -0.10046 -0.09583 -0.11745 0.16546 0.13994 0.20467 0.15748 0.19136 0.10163 -0.30631 -0.19782 0.10640 0.12691 0.10985 -0.29698 -0.14090 0.01206 0.06885
-0.11959 0.14445 -0.21545 0.09687 0.11488 0.22858 -0.32594 -0.24536 0.16684 0.11148 0.15588 0.18479 -0.22824 0.13212 -0.09703 -0.00080 -0.06101 -0.13775 0.05824 -0.12062 0.05840 -0.25096 -0.13958 0.01183 -0.16406 -0.16598 -0.05006 -0.22972 -0.05089 0.05912 0.13728 0.12393 -0.10556 0.00091 -0.01014
-0.23555 0.00406 0.24718 -0.13167 -0.31013 -0.02443 0.10422 -0.09800 -0.00091 0.16841 0.03269 0.03106 0.23151 0.11088 -0.14394 0.04677 0.09554 0.20621 -0.19713 0.11267 -0.09699 -0.12180 0.03741 -0.04308 0.06021 -0.09042 -0.26673 0.00049 -0.09765 0.11191 -0.03972 0.11394 0.00807 -0.02763 0.03616
0.13199 -0.03198 -0.11523 0.05887 -0.01838 -0.01115 -0.35679 0.01650 -0.22653 0.06082 0.07048 -0.16925 -0.04485 -0.18488 -0.09318 0.13512 -0.04386 0.11568 -0.22702 0.03906 0.16825 0.21479 0.21372 -0.09314 0.09607 0.12232 -0.23385 -0.14265 0.03146 0.05567 -0.26765 -0.17742 0.10219 -0.21169 0.18976
0.08540 0.03953 -0.04285 -0.10057 0.05526 0.03439 -0.18483 -0.08601 -0.09506 0.03184 -0.06843 0.19953 -0.10826 -0.11620 0.12038 -0.07560 0.25278 0.02126 -0.19022 0.03946 -0.00932 -0.14819 0.00514 0.08932 -0.20855 -0.08011 0.23342 0.04710 0.20681 -0.14296 -0.09323 0.22425 0.07764 0.16285 -0.09804
0.12594 0.04317 -0.36924 -0.00507 0.13580 0.11605 -0.16071 0.06048 -0.07359 0.18479 -0.10097 -0.13251 -0.13815 0.10446 0.03955 0.06512 -0.24274 -0.00056 -0.00478 0.00761 0.26233 0.05129 0.13402 -0.04448 -0.11127 -0.08828 0.22216 -0.14509 0.15948 -0.13703 0.03393 0.02449 -0.15438 -0.18451 0.03540
-0.16815 0.05882 0.27660 0.06983 -0.22376 0.10971 -0.26786 -0.24471 0.10694 -0.09393 0.01405 -0.07029 -0.12806 0.02427 -0.12211 -0.28732 0.18557 -0.18475 -0.14762 -0.18260 -0.00528 -0.25698 -0.28415 -0.01813 -0.28703 -0.11496 -0.15139 -0.24027 0.19778 -0.21688 -0.14355 0.19581 -0.01290 0.16394 -0.15354
-0.10179 -0.08298 -0.07255 0.17972 -0.13760 -0.09198 0.06144 -0.10829 -0.14691 0.15878 -0.20740 0.00115 -0.11918 0.14499 -0.23001 0.12967 -0.12244 -0.11970 0.01573 0.16230 -0.17813 -0.05213 0.14306 -0.00853 0.09842 -0.15062 -0.04956 -0.10545 0.13349 0.06924 -0.22086 0.05303 -0.01569 -0.10681 -0.14471
-0.01725 0.13079 -0.10368 -0.08818 -0.08910 -0.00549 -0.00779 0.03857 -0.09445 -0.07811 -0.04973 -0.09438 0.14642 -0.19429 -0.10850 -0.08118 -0.02324 0.15465 0.13323 -0.14640 -0.01426 0.12258 0.13624 0.12939 -0.03329 -0.08239 0.09778 -0.12550 0.15098 -0.01758 0.06231 0.14736 0.10356 -0.16027 -0.14462
-0.08241 -0.08536 0.17724 0.01206 -0.14931 -0.02959 -0.21195 0.01834 -0.14127 -0.21343 -0.12120 0.12234 0.05932 -0.08981 0.08255 0.02054 0.01628 -0.05400 0.07086 -0.04422 0.11318 -0.17136 0.15190 0.04946 -0.18197 0.12400 0.18739 -0.11072 0.04615 0.04851 -0.08946 0.11623 0.02037 0.08536 -0.12877
-0.10817 0.11290 0.02686 -0.15188 -0.05940 -0.21114 -0.13473 -0.05462 0.06538 -0.00348 0.12014 0.11099 0.04222 -0.15281 0.02319 0.14190 0.05518 -0.16669 0.02963 0.16727 -0.18208 0.07836 0.17632 -0.07577 0.06250 0.05714 0.08123 0.18746 0.05227 0.16872 -0.13181 0.12135 -0.07330 -0.05936 -0.13011
-0.15047 0.15874 0.10211 0.09380 -0.13116 -0.05179 -0.32122 -0.12597 0.09407 0.05076 0.07510 0.00568 0.17329 0.03890 -0.11630 0.05982 0.22309 -0.15416 -0.01941 -0.29046 -0.15297 -0.05969 -0.02348 0.12763 -0.32879 -0.04892 -0.16852 0.06648 0.20369 -0.02914 0.10866 -0.05967 -0.08927 -0.25411 -0.04333
0.28250 -0.11695 0.05701 -0.19103 0.16770 0.22779 -0.20639 -0.15303 0.22363 0.04001 -0.00794 0.00417 0.06654 -0.13016 -0.16089 0.12733 -0.01637 -0.13904 0.00953 -0.11390 -0.08524 -0.20511 0.10205 0.08863 -0.16553 -0.05875 0.16702 -0.05229 -0.00141 0.04180 -0.07102 -0.01088 -0.00895 0.05620 -0.00885
-0.04251 0.14380 -0.19295 -0.06401 0.20907 -0.09526 0.21382 0.17338 0.15973 -0.04767 0.13310 -0.05249 -0.09228 0.05713 0.06099 0.04692 0.19351 -0.15263 0.05427 0.03578 0.13050 0.06271 -0.13489 -0.16928 0.13796 -0.12945 0.20772 -0.15706 -0.04904 -0.03700 0.04743 0.06064 0.06068 -0.00189 -0.04321
0.03789 -0.25111 0.13879 -0.06134 0.00081 0.07822 0.10733 0.05355 -0.17093 0.21360 -0.14857 0.09646 0.24286 0.20100 0.04803 -0.10312 0.08269 0.01090 0.02068 0.09587 -0.08449 0.01453 -0.22728 0.13986 0.19644 0.07741 0.05061 0.01633 -0.10336 -0.04311 -0.05024 -0.13595 0.08707 0.18425 0.06463
-0.08533 0.00273 -0.19539 -0.11046 -0.01473 -0.06624 -0.11747 -0.03479 -0.14045 -0.11749 0.00690 0.08636 0.10355 -0.04987 -0.19192 -0.19970 0.11870 0.08033 -0.13014 -0.11709 -0.07920 0.03823 -0.24728 -0.20353 0.17362 -0.06631 0.02196 -0.05163 -0.15299 -0.03299 -0.00953 -0.08886 -0.02544 0.03525 -0.26769
