-0.92199 0.49404 0.28503 -0.09666 -0.14954 -0.14052 -0.08615 -1.40287 0.37533 -0.02163 -0.25519 0.01651 -1.53379 0.70892 -0.44652 0.70735 0.58296 0.45609 -0.11602 -0.65959 -1.46012 -0.48768 0.08488 -0.20258 0.07575 -0.50979 0.33975 -0.46646 -0.52726 -0.11474 -0.04470 0.77571 0.15310 -1.23070 0.42311 0.16113 0.23315 -0.34619 -0.65079 -0.07421 0.10457 -0.11253 0.57908 0.14343 -0.06286 0.15158 -0.06920 0.89986 -0.01781 0.05793 -0.37072 0.89410 0.00785 -0.16033 0.40154 -0.04500 -0.02385 -0.18731 0.38639 -0.00374 0.95057 -0.36373 -0.06560 0.16172 0.19300 0.06520 -0.00224
0.09872 -0.63258 0.32517 -0.53305 0.37692 0.20894 -0.04977 -1.04019 0.21490 -0.20260 0.56162 -0.05145 0.51606 -0.50468 -0.25951 0.12768 0.14034 0.57552 0.09687 0.10326 -0.62359 0.11150 -0.35020 0.37188 -0.51669 0.85674 0.57215 0.54352 -0.34054 0.02186 -0.44269 -0.36735 -0.03802 -0.80098 -0.16243 0.31756 -0.07169 0.05078 -0.08827 -0.12890 -0.18500 -0.03444 0.24553 0.41277 0.01440 0.16288 0.03817 0.54611 0.23185 0.19982 0.25901 0.41584 0.03493 0.00300 0.10012 -0.30691 0.20752 -0.17340 0.49905 -0.01170 0.13455 -0.22062 -0.29538 0.14777 -0.25684 0.06485 -0.03136
0.30897 0.02076 0.45499 -0.34795 0.59631 0.02193 -0.13946 -0.85500 -0.00846 -0.34369 0.21423 -0.33450 0.43363 -0.47251 -0.32413 -0.28407 -0.00213 -0.30014 0.20622 0.43120 -0.65554 -0.04767 -0.18856 0.42265 -0.44510 0.66368 0.32572 0.68189 -0.29517 0.28807 0.15715 0.19813 0.38342 -0.72709 -0.10817 0.35792 -0.20071 0.05029 -0.14446 0.09760 0.05262 -0.06430 0.11464 0.14054 0.12343 0.36869 -0.36061 0.24077 0.02978 -0.12046 -0.14740 0.08215 0.31443 -0.05167 -0.08701 -0.28802 0.16255 -0.34526 0.01996 -0.26362 0.32324 -0.32846 -0.06804 -0.09567 -0.18545 0.09201 -0.14792
0.08780 -0.74762 -0.17877 -1.00622 0.58336 -0.07785 -0.12983 -0.08814 -0.05404 -0.63801 0.78193 -0.16481 0.09611 -0.78501 -0.62263 0.29415 -0.09319 0.35155 0.07265 0.33308 -0.18849 -0.21751 -0.62918 0.16007 -0.65957 0.77259 0.95940 0.56783 -0.77674 -0.57477 -0.58936 0.13833 0.20362 -0.81117 -0.53743 0.24159 -0.22355 -0.14168 -0.00238 0.05263 -0.10004 -0.25850 0.28917 0.06542 0.20838 0.18870 0.11482 0.24817 0.22625 0.02560 -0.04889 0.34431 0.22412 -0.04449 -0.12803 -0.25848 0.28468 -0.25122 0.15530 -0.12827 0.22767 -0.42807 0.04539 -0.10069 -0.31999 0.38718 -0.16580
0.50358 -0.73653 -0.32789 -0.63191 0.80396 -0.30964 -0.04388 -0.79330 0.20935 -0.54617 0.62529 -0.05128 0.82170 -0.50315 -0.43359 0.06827 0.49983 0.07613 0.57507 0.18352 0.01187 0.23140 -0.84446 -0.39517 -0.41509 0.31699 0.73469 0.49581 -0.89864 -0.60315 -0.29012 -0.73497 0.01818 -0.67610 -1.01054 0.33067 -0.71586 0.20729 0.27209 0.09499 -0.26036 -0.19874 -0.13386 0.08652 -0.20280 0.05587 -0.02215 -0.10793 0.22598 0.23037 0.17118 -0.20774 0.21526 0.28459 -0.36007 -0.72350 -0.01138 -0.14196 -0.09264 0.34547 -0.16179 0.15171 0.24221 -0.54580 -0.46928 0.08255 -0.05188
0.37415 0.32246 1.07441 0.24463 0.01545 -0.37039 -0.20370 0.14244 -0.24352 -0.13781 0.27461 -0.41037 0.09573 -0.45708 -0.66139 0.94536 -1.04294 0.46179 -0.81483 -0.28938 0.03241 0.27046 -0.04298 0.34526 -0.73458 0.51913 0.10003 0.37754 0.19442 0.68916 -0.36180 -0.10324 -0.24262 0.03316 -0.18204 0.32722 -0.28321 -0.27815 0.18139 -0.14063 0.16779 0.14357 0.03076 0.54842 0.09120 0.21972 -0.28667 0.25906 0.39376 0.02591 0.11197 0.06525 0.18601 -0.13425 -0.17040 -0.44246 -0.10907 -0.21546 0.53714 0.20310 0.01937 -0.36938 -0.01524 -0.11366 -0.30138 0.07372 0.02675
-0.38073 -0.48755 -1.53548 -0.97942 -0.57323 0.79009 0.68449 -1.57017 0.91147 0.09329 -0.18269 0.76042 -0.15168 0.70765 0.40923 -0.51581 1.33611 -1.08681 1.34863 0.89924 -1.06732 -0.65515 0.04921 -1.02897 0.63769 -0.58532 0.05975 -0.54107 -0.97798 -0.57748 0.82351 0.50520 0.46252 -0.50430 -0.54137 0.35909 -0.87451 0.39490 0.60705 -0.17844 -0.45814 0.07897 -0.38566 0.46203 -0.35913 0.00858 -0.01907 -0.25106 0.62126 0.16531 0.80129 -0.44620 0.07035 0.44849 -0.49619 -0.94626 -0.13911 -0.32658 0.25392 0.09773 -0.34588 0.02300 0.28665 0.07357 -0.81137 -0.18552 0.23148
-0.25345 0.68715 -0.70347 -0.44257 -0.26703 0.52391 0.25755 -3.65957 1.12411 0.07904 -0.29530 0.32806 -1.04894 0.41851 -0.51993 0.25608 0.28998 -0.20738 1.17626 0.14251 -2.01965 -0.56668 0.76873 -0.64105 -0.49505 -0.02885 0.41815 -0.07773 -0.73748 0.65273 0.72581 0.48250 0.91543 -1.23734 0.13957 0.10825 0.06016 -0.25260 -0.23295 -0.02279 0.09591 0.11785 0.51468 0.22820 0.03485 0.15114 0.08976 0.58700 0.18621 -0.13007 0.22482 0.58403 0.06196 -0.00288 0.01206 -0.11043 0.12016 -0.12109 0.77108 0.00451 0.38457 -0.37381 -0.02407 -0.00288 -0.14816 0.00404 -0.04516
0.64160 -0.07355 1.09642 -0.31333 0.31883 0.03221 -0.10959 0.27457 -0.82878 -0.71245 0.22068 -0.87817 0.48821 -0.73400 0.25733 -0.61068 -1.00581 -0.13378 -0.53725 -0.07009 -0.10571 0.11664 -0.35368 0.87073 -0.44380 0.44700 -0.20318 0.75706 -0.38244 0.24903 -0.64451 -0.39010 -0.96143 -0.29608 0.27208 0.32939 0.02765 -0.01320 0.20428 -0.22734 -0.11694 0.22791 0.16028 0.63800 -0.08597 -0.05531 -0.18272 0.39186 0.66645 -0.00366 0.40981 0.21892 -0.13015 -0.07707 -0.40103 -0.00673 0.03124 0.05054 1.21815 -0.12761 0.17006 -0.11363 0.04093 0.18352 -0.29873 -0.22750 0.17379
0.74102 -0.66449 0.14227 -0.46548 1.16234 -0.60494 0.13670 -1.07223 0.50820 -0.49953 0.74021 -0.43041 0.57581 -0.56700 -0.91942 0.22918 0.35328 0.37829 0.51843 0.00675 -0.75926 0.00868 -1.03371 -0.03784 -0.72158 0.80592 0.74988 0.79881 -1.09850 -0.13127 -0.93209 -0.58571 0.47774 -1.02011 -0.26326 0.21097 0.17611 -0.33714 -0.22114 -0.02728 -0.07268 -0.09092 0.35506 0.19892 -0.05323 0.13701 -0.03859 0.21581 0.01619 0.38359 0.07982 0.38705 -0.16325 -0.06963 0.13666 -0.03577 0.35920 -0.02283 0.24012 0.27482 0.09519 -0.22102 -0.44950 0.10573 0.00878 -0.01225 0.02603
0.63676 -0.07651 0.65979 0.22067 -0.06941 -0.30856 -0.05205 1.15874 -0.73387 -0.03431 0.03315 -0.80828 0.85825 -0.01134 0.05773 -0.37994 -0.40637 0.26164 -1.20952 -0.49841 0.90850 0.98971 0.02742 0.03224 -0.24121 0.68587 -0.19400 0.75729 0.78737 0.16773 -0.67210 -1.42737 -0.75687 -0.30187 -0.32299 0.47876 -0.23781 -0.04608 0.08011 -0.26981 0.07556 0.03993 0.07945 0.45056 -0.01357 0.20792 -0.08632 0.16025 0.42001 0.18629 0.45506 0.11272 -0.04481 0.05387 -0.02263 -0.58059 0.18263 -0.37976 0.42557 -0.20349 0.00916 -0.10655 0.03150 0.22276 -0.26626 0.07321 -0.13278
0.47276 -0.67264 -0.51652 0.08479 0.56125 -0.04743 0.23979 -0.05652 0.17772 0.15252 0.16318 -0.06701 0.61714 -0.08154 0.21117 -0.16650 0.87061 -0.16998 0.30817 0.42395 -0.27206 0.37924 -0.88766 -0.34081 -0.53181 -0.05612 0.13959 0.29640 -0.04896 0.08671 -0.20869 -0.46114 -0.68764 -0.66333 -0.80097 0.24865 -0.24066 0.12423 -0.00624 -0.09527 -0.16434 -0.48533 0.06619 0.34649 -0.18700 -0.29685 0.28751 0.03086 0.14186 0.16014 0.00545 0.17042 -0.27981 0.38969 0.08857 -0.23131 0.36538 -0.20701 0.33821 0.17164 0.05485 -0.21406 -0.43740 0.00758 -0.07404 -0.15551 0.14557
0.45775 -1.23658 -0.58822 -0.20690 0.71481 -0.20595 -0.14587 -0.56386 0.24459 -0.13103 0.61425 -0.38865 0.59064 -0.56896 -0.10626 0.06626 0.36414 0.44296 0.20398 -0.01778 -0.15951 0.40007 -0.83818 0.14363 -0.29332 0.42390 0.43707 0.51093 -0.19010 -0.15209 -0.64045 -0.57415 -0.38752 -0.21740 -0.56456 0.32828 -0.12001 0.02300 -0.17866 -0.13934 -0.18800 -0.26609 -0.04235 0.37092 -0.18127 0.02686 0.16859 0.30722 0.12492 0.34871 0.15444 0.24073 -0.13228 0.25927 0.13193 -0.22348 0.23763 -0.16891 0.23556 0.28656 0.10963 -0.40106 -0.14347 -0.12814 -0.16815 0.16289 -0.01737
-0.07836 -0.13592 -0.85448 -0.06799 -0.16607 -0.03234 0.37071 -0.05937 0.14001 -0.01013 0.08410 0.26750 0.24340 0.21106 0.23260 -0.24952 0.76311 -0.37336 0.72341 0.19645 -0.41438 0.14668 -0.33369 -0.42338 0.07203 -0.14087 0.00579 -0.10261 -0.31226 -0.11885 -0.03075 -0.27180 -0.18948 -0.15347 -0.44736 0.29747 -0.36780 -0.02302 0.04237 -0.02069 -0.07898 -0.07894 -0.16722 0.27045 -0.01360 0.05307 -0.05391 -0.05650 0.23801 0.20309 0.09096 -0.01516 0.22615 0.03521 0.04747 -0.50361 -0.06663 -0.25060 0.05644 0.18748 0.09985 -0.03301 0.05665 -0.09968 -0.33345 -0.17311 -0.07109
0.54951 -0.80594 -0.16637 -0.68955 0.96537 -0.52183 -0.49053 -0.80941 0.50911 -0.66353 0.81565 -0.17304 0.69194 -0.25495 -0.42928 0.23915 0.84416 0.02129 0.27846 -0.61520 -0.68139 0.04016 -0.80139 0.14593 -0.78878 0.36908 0.90064 0.55572 -0.60953 -0.82374 -0.42557 -0.54023 -0.25440 -0.62430 -0.67214 0.32440 -0.04488 -0.22159 -0.00270 -0.01097 0.01553 -0.47959 -0.00714 0.20108 0.09526 0.13618 -0.12929 0.20211 0.19364 0.21238 -0.21877 0.11370 -0.10091 0.06150 0.09342 -0.42485 0.59166 -0.23026 0.17763 -0.01818 0.20776 -0.29675 -0.42301 -0.12849 -0.31470 0.10074 -0.09096
0.73428 -1.36999 0.15593 -0.63254 0.94046 -0.46195 -0.41971 -0.47421 -0.64834 -0.75828 0.68763 -0.60185 0.85523 -1.00108 -0.27555 0.03834 0.09863 -0.33478 0.04041 -0.22430 -0.18355 0.57084 -0.74323 0.68862 -0.82051 0.82745 0.66828 0.88065 0.03786 -0.65281 0.00874 -0.35312 -0.26474 -0.22489 -0.32475 0.11968 -0.09342 -0.03631 0.28637 -0.20341 -0.03328 0.13743 -0.20510 0.12437 -0.11033 0.03446 -0.06305 -0.15813 0.24975 0.42709 0.58313 -0.30026 -0.02085 -0.11014 -0.23020 -0.27062 0.23769 -0.14558 0.03019 0.04871 -0.25817 -0.11655 -0.18357 0.27730 -0.29190 0.16493 -0.05384
0.24127 0.28889 -0.34655 -0.33125 -0.11597 0.84727 0.74449 -0.49069 -0.08663 -0.30198 -0.12969 0.39894 0.02776 -0.27075 0.85405 -1.01085 -0.19176 -0.68117 0.08777 0.80402 0.10793 -0.10976 0.34054 -0.18653 0.02217 -0.09828 0.15782 -0.26848 0.69508 0.15189 0.49756 0.30819 0.18285 -0.58801 0.21321 0.19661 -0.26863 0.28857 0.68193 -0.29012 0.06877 0.28858 -0.01635 0.37242 0.05074 0.04357 -0.04527 -0.12093 0.93430 -0.10333 0.50300 -0.22243 0.14779 -0.20610 -0.84104 -0.36011 -0.16481 0.03123 1.10531 -0.12133 -0.34104 0.06763 0.02607 0.48669 -0.67511 0.05812 0.03529
0.44477 0.63623 1.33745 0.80665 0.22860 -0.86016 -0.54172 0.84352 -0.43164 -0.21433 -0.15330 -0.53311 0.30869 -0.24954 -0.61911 0.49729 -1.09957 0.48873 -1.52247 -0.56081 0.69596 0.69965 0.06811 0.79857 -0.66371 0.43302 -0.43939 0.66101 0.42943 0.78847 -0.93017 -0.79795 -1.68621 0.25735 -0.23745 0.54052 -0.33932 -0.11386 0.14671 -0.37594 0.04326 0.00697 0.27411 1.00616 0.01216 0.47920 -0.09667 0.38918 0.82290 0.06915 0.54261 0.34354 0.14766 -0.13998 -0.28014 -0.67823 0.07645 -0.40421 1.29593 0.04400 0.21660 -0.39814 -0.08515 0.24648 -0.48470 0.20358 -0.08783
0.26432 -0.19997 0.10243 0.10188 0.24621 -0.85127 -0.37164 -0.04786 -0.09025 0.10921 0.20368 -0.74540 0.41240 -0.32031 -0.64339 0.37380 0.08897 0.08546 -0.41424 -0.34710 -0.06388 0.92872 -0.12148 0.36444 -0.31975 0.28109 0.18504 0.29551 0.03334 -0.10085 -0.80646 -0.45696 -0.61844 -0.59052 -0.38922 0.26601 0.08469 -0.18434 -0.14450 -0.16984 -0.49748 -0.15270 -0.06148 0.39864 -0.08062 0.02628 0.03214 0.05388 0.09768 0.33390 0.00665 0.06907 0.08294 0.08825 0.16831 -0.03365 0.15693 -0.05535 0.18715 0.32325 0.12515 -0.08702 0.00317 -0.01561 -0.13381 0.07400 -0.22635
-0.29701 -0.36901 -0.35973 -1.05037 -0.31298 0.49040 0.44658 -1.07938 -0.01930 -0.22269 -0.07709 -0.07111 -0.23239 -0.07003 0.04823 -0.50929 0.02544 -0.26406 0.34835 0.63529 -0.72252 -0.32664 0.20705 0.41438 0.33256 0.03933 0.21812 -0.30190 -0.55516 -0.06929 -0.21988 0.40108 0.36459 -0.45536 0.16560 0.06070 -0.22624 0.16674 0.95001 -0.13962 -0.02712 0.40790 -0.29466 0.26523 -0.03262 0.08188 0.07355 -0.20132 0.66657 0.02329 1.01220 -0.33706 0.02022 -0.01046 -0.54836 -0.18188 0.01887 -0.07378 0.52130 0.06219 -0.45266 0.22638 0.28480 0.18254 -0.51806 -0.01373 -0.05532
-1.29087 0.98190 -1.86901 -0.50952 -0.57560 0.33052 0.63323 -4.73493 2.31250 0.15007 -0.65251 1.01944 -2.21796 1.41439 -0.56856 0.65444 1.05118 -0.85865 1.94785 0.64341 -2.85109 -1.16436 0.46560 -2.19384 -0.42776 -1.37104 0.39374 -0.83438 -1.28442 0.31087 1.28931 1.59592 0.42628 -1.48262 0.31816 -0.13581 -0.08794 0.02501 0.35693 -0.27414 -0.17106 0.26242 -0.15540 -0.01009 -0.20162 -0.11739 0.01985 -0.15460 0.09608 0.00515 0.36825 -0.26372 -0.09071 -0.00914 -0.21313 0.07655 -0.14884 0.10194 -0.01352 -0.09718 -0.23575 0.21822 0.12089 0.33744 0.08013 -0.01516 -0.03744
0.59360 -0.26872 0.49853 -0.13857 0.41069 -0.47889 -0.01839 0.38419 -0.46881 -0.25956 0.18165 -0.15502 0.68421 -0.18973 -0.14046 -0.00087 -0.71494 0.12621 -0.49639 -0.31486 0.39753 0.51794 -0.22833 0.09399 -0.20030 0.50975 0.10990 0.33645 -0.55799 -0.29459 -0.92082 -1.38838 -0.66511 -0.25523 -0.62748 0.26899 -0.09230 -0.14859 -0.03609 -0.02964 -0.23998 0.02097 0.09875 0.26953 -0.17171 0.12450 0.27278 0.29618 0.16977 0.32157 0.13898 0.00909 -0.13910 0.05020 0.12129 -0.26549 0.00964 -0.24556 0.06789 0.31446 0.01007 0.14938 -0.03330 0.02952 -0.02140 -0.09793 0.01579
0.08467 -0.23105 -0.08704 -0.21496 0.12879 -0.73923 -0.22617 0.01010 -0.07313 0.19517 0.33819 -0.85151 -0.14648 0.02450 -0.30271 0.21955 -0.05792 -0.28067 0.12605 -0.21772 -0.16038 0.82289 -0.35095 0.00325 -0.19985 -0.24877 0.03479 0.30465 -0.16130 -0.21262 -0.68270 -0.23429 -0.48362 -0.37365 -0.95018 0.62293 0.00829 -0.19241 -0.16454 -0.16224 0.06255 -0.23357 -0.00677 0.60939 -0.10556 -0.13480 -0.10774 0.05963 0.25316 0.27207 0.13276 0.04286 0.01547 0.04003 0.06554 -0.61607 0.26995 -0.29230 0.34626 0.34615 0.24743 -0.26769 -0.29111 0.16670 -0.28658 -0.11655 0.33975
-1.08519 0.31514 -0.09362 -0.36669 -0.39090 0.20621 -0.02238 -0.90177 0.54580 -0.23518 0.06845 0.40723 -1.21714 0.86345 0.16390 0.11107 0.70647 0.01780 0.06258 -0.15976 -1.29494 -0.61849 -0.59324 -0.51735 0.19273 -0.90054 0.30712 -0.52596 -0.15208 -0.41461 0.39920 0.80991 -0.07032 -1.17302 0.34108 0.08734 0.24714 -0.30146 -0.78116 -0.00836 0.18685 0.00400 0.73101 0.16459 0.04863 0.21460 -0.06803 0.80465 -0.06084 -0.03993 -0.23501 0.99086 0.03823 -0.20797 0.32787 0.14363 0.14446 -0.05060 0.34197 -0.05831 1.03324 -0.37278 -0.18969 -0.08923 0.15415 0.16985 -0.13049
0.35963 -0.69150 -0.10824 -0.37143 0.56320 -0.73289 -0.37327 -0.47786 0.58090 -0.81944 0.79029 -0.43460 0.16602 -0.60297 -0.40988 0.46647 0.11366 0.48767 -0.07629 -0.30030 -0.38075 0.65980 -0.76425 -0.08460 -1.05492 0.23311 0.62793 0.91230 -0.35139 -0.49066 -0.25429 -0.03473 -0.36435 -0.66864 -0.94921 0.49683 -0.16326 -0.38756 -0.15764 -0.13614 0.06303 -0.18519 0.22465 0.36572 0.15528 -0.15380 -0.13319 0.06954 0.26736 0.56172 -0.19707 0.08937 -0.16513 -0.26751 0.00031 -0.29920 0.05965 0.16442 0.40127 0.26943 0.15996 -0.21681 -0.23826 0.01913 -0.29418 -0.10483 0.21196
-0.98604 0.25149 -1.99940 -1.15960 0.06526 0.18159 1.04761 -4.10227 2.82738 -0.15784 -0.24626 1.06196 -1.89620 1.11532 -0.08560 0.15621 1.92724 -1.08492 1.83384 0.65662 -2.74099 -0.98142 -0.33032 -2.40723 -1.01689 -1.34808 1.19147 -0.52372 -1.84963 -0.90913 1.17254 0.96223 0.53742 -2.07995 0.13991 0.05537 -0.29457 0.15068 0.15050 0.06066 0.01185 -0.18917 -0.22914 -0.00280 0.06758 0.15999 0.01339 -0.23809 -0.04535 0.02046 -0.10961 -0.10011 0.22440 0.10288 -0.09949 -0.26736 0.00939 -0.22037 -0.21955 0.00142 -0.14075 0.02453 0.10464 -0.16711 -0.02933 0.13360 -0.01785
0.08186 -0.47434 -0.32551 -0.12746 0.32155 -0.22124 0.12741 -0.23788 0.20117 -0.05178 0.35543 -0.50978 0.54464 0.12339 -0.30417 -0.24098 0.94100 0.07918 0.44965 0.26518 -0.29258 0.54833 -0.41519 -0.30405 -0.12038 -0.03675 -0.01564 0.16135 -0.05701 -0.10945 -0.17648 -0.67631 -0.41672 -0.19286 -0.34874 0.07599 -0.26808 -0.02330 -0.15110 -0.21613 -0.48497 -0.49506 0.02806 0.27994 -0.11215 0.08108 0.44870 0.12611 0.27619 0.11476 0.05286 -0.00999 0.07656 0.20281 0.04333 -0.31684 0.42416 -0.21837 0.23680 0.37250 0.11173 -0.25604 0.18868 0.03004 -0.12585 0.00683 0.08307
0.27599 -0.51906 -0.27759 -0.68385 0.29037 -0.35327 0.01608 -0.51475 0.28377 -0.38334 0.42462 0.37282 0.28453 -0.29468 -0.10922 0.51486 0.57994 0.02255 0.49748 -0.23773 -0.41384 -0.04132 -0.49281 -0.04436 -0.36759 0.57493 0.56255 0.34566 -0.50233 -0.44973 -0.14854 -0.35270 -0.71774 -0.47680 -0.63996 0.46393 -0.16466 0.19436 -0.06059 -0.01096 -0.04189 -0.22656 -0.01075 0.47203 0.22026 0.16522 -0.01978 0.17038 0.21612 -0.23747 0.20879 0.05715 0.11207 0.24396 -0.04720 -0.30728 0.11793 -0.18121 0.28923 0.31243 0.16998 -0.38926 -0.14693 0.07303 -0.47582 0.32712 -0.09560
-0.37239 -0.57962 -1.12704 -0.61097 -0.17739 0.88651 0.55892 -1.93581 0.83386 0.12917 -0.00815 0.80742 0.14408 0.66054 0.28098 -0.50069 1.73596 -0.29036 1.41845 0.81932 -1.09736 -0.98864 -0.08611 -0.70073 0.03197 -0.33968 0.31914 -0.33506 -0.50004 -0.18728 0.99592 0.53038 0.55827 -1.08479 -0.41946 0.14942 -0.39770 0.39012 0.39713 -0.19088 -0.13460 -0.06954 -0.17314 0.17682 0.19907 0.25613 -0.22177 -0.11426 0.38678 0.01525 0.27973 -0.27768 0.08801 0.02940 -0.43602 -0.28042 -0.05819 -0.21987 0.09472 -0.05638 -0.20344 0.13634 0.02551 0.01515 -0.40052 0.08709 0.01330
0.54183 -0.23174 -0.15853 -0.54073 0.97805 -0.09864 -0.23665 -1.32169 0.86583 -0.29802 0.09918 -0.01870 -0.19937 -0.20647 -0.52848 0.53378 0.04056 0.33019 0.50401 0.21138 -1.14406 0.11391 -0.22262 -0.40059 -0.50837 0.31216 0.50106 0.33951 -0.65450 -0.03283 -0.17208 -0.03879 0.15476 -1.04722 -0.17127 0.00988 0.13074 -0.18839 -0.12860 -0.00671 -0.01326 -0.17743 0.06465 0.09144 0.04020 -0.07228 0.20056 0.38033 -0.01659 0.07868 0.04443 0.21876 0.08187 0.05291 0.04336 -0.30972 0.15717 0.09676 0.25754 0.16190 0.29838 -0.30154 -0.07020 0.23281 0.06870 -0.00864 0.13398
0.17483 -0.34273 -0.19220 -0.55524 0.01899 0.22163 0.06361 -0.58707 0.36985 -0.20907 0.55190 0.34303 0.11459 -0.32504 -0.03420 0.05757 0.60162 0.02197 0.15926 0.40203 -0.37865 -0.23148 -0.19792 -0.10252 -0.57964 0.47580 0.62280 0.27582 -0.79570 -0.50081 -0.09515 -0.09875 -0.09334 -0.59603 -0.23511 0.26686 0.01669 -0.13534 -0.07986 -0.31310 -0.16862 0.01428 0.31583 0.58028 -0.15913 0.27350 -0.13953 0.38556 0.34546 0.35521 -0.10456 0.30307 -0.02168 -0.44175 0.03629 -0.21895 0.04805 -0.15267 0.51772 0.11920 0.18640 -0.04350 -0.20549 0.32211 -0.16082 0.14542 -0.14406
0.55527 -0.22986 -0.38920 -0.72820 0.67503 -0.11400 -0.10013 -0.47950 0.39628 -0.59203 0.69637 -0.05095 0.41970 -0.47033 -0.16814 0.14152 0.53630 0.21712 0.12741 0.08388 -0.42713 0.21988 -0.25465 0.18881 -0.47964 0.35174 0.73892 0.75401 -0.62106 -0.81627 -0.43887 -0.55160 -0.03481 -0.73663 -0.37962 0.46690 -0.02871 -0.02485 -0.25070 -0.04015 0.07578 -0.26414 0.00673 0.25214 -0.01082 0.14492 -0.19033 0.27219 0.12494 0.20998 0.05105 0.19122 -0.05266 0.15838 0.02350 -0.20464 -0.03859 -0.37170 0.25128 0.21325 0.20619 -0.39820 -0.11397 0.02189 -0.07861 0.00308 -0.11544
