0.40128 0.47106 0.09972 0.41039 0.03470 0.02998 0.04608 0.06128 0.13999 0.09702 -0.37604 0.83213 -0.17265 0.35229 0.24784 0.07963 -0.07644 0.17236 -0.64482 -0.10116 0.67125 0.69548 -0.44042 0.57136 -0.11979 0.65156 0.11579 0.01051 0.51391 0.31189 0.03269 0.14427
0.41022 0.28150 -0.03066 0.00520 0.17223 0.27593 -0.26593 0.31510 0.09814 -0.14110 -0.03892 0.52992 -0.01889 0.19098 0.05572 -0.05727 0.39148 -0.06375 -0.38349 0.24767 0.46220 0.18838 0.09050 0.54578 0.34124 0.57045 0.03286 0.03173 0.38423 0.46223 -0.23473 -0.10016
0.40417 0.40797 0.16514 0.68036 0.19514 -0.00795 0.14811 -0.00069 -0.22336 0.01993 -0.17039 0.92310 0.01437 0.32004 0.02899 -0.10760 -0.10328 -0.17237 -0.46219 -0.08927 0.58222 0.30498 -0.15369 0.43462 -0.05189 0.70101 -0.00666 -0.09122 0.34286 0.34253 -0.20950 0.29345
0.18994 0.17832 0.10538 -0.01604 0.45592 0.03439 0.41913 0.14115 0.14286 0.17151 0.18994 -0.03778 0.10030 -0.90003 0.25434 0.03956 0.40155 0.29638 0.20277 0.15845 0.24902 0.26588 0.36081 0.33625 0.14845 -0.06005 0.27310 0.12506 0.43666 0.03755 -0.15265 0.41612
0.31692 0.25947 -0.11621 -0.09506 -0.14127 0.03777 -0.19079 0.06956 0.11482 0.18482 -0.19200 0.15949 0.19325 -1.07329 -0.01457 -0.20897 0.02912 -0.08194 -0.24780 -0.23046 0.22377 0.00777 0.32305 0.53539 -0.18748 -0.06014 0.05316 0.20535 -0.24157 -0.03200 -0.38946 -0.05532
-0.01358 0.26995 -0.12041 -0.22683 0.44191 0.42753 0.36928 -0.05855 0.01796 0.13489 0.58816 -0.30868 -0.04619 -0.51684 0.33101 -0.01324 0.29560 0.19474 0.22162 0.31122 0.05757 0.30264 0.36936 0.02799 0.16231 0.08683 0.18373 0.27325 0.71326 0.06425 0.08460 0.15751
-0.37834 0.30937 -0.10264 -0.08931 0.17924 -0.36712 -0.00071 -0.37250 -0.82690 -0.08901 0.07609 -0.70157 0.68442 -0.10514 -0.27090 0.01790 -0.13070 -0.24669 0.40154 -0.20953 -0.36832 -0.38830 -0.59783 -0.50608 -0.17656 -0.39741 0.07927 -0.06980 -0.42985 -0.44991 0.31590 -0.45352
-0.46512 0.10128 -0.34029 -0.17922 0.23465 -0.24081 -0.24024 -0.61215 -0.84655 -0.02724 -0.10718 -0.41170 0.12565 -0.13817 -0.09998 0.13560 -0.14955 -0.28859 0.32904 -0.19654 -0.38121 -0.18853 -0.57433 -0.45330 -0.09460 -0.61533 -0.08161 -0.32025 -0.18660 -0.30824 0.01876 -0.59844
-0.42328 0.48077 -0.03412 -0.06960 0.27656 -0.37659 -0.09527 -0.41552 -0.58622 -0.00103 -0.00682 -0.61982 0.06430 -0.03052 -0.31399 0.07079 -0.42132 -0.33539 0.15439 -0.19546 -0.59271 -0.12094 -0.41873 -0.65621 -0.39982 -0.48187 0.09069 -0.23356 -0.28324 -0.33525 -0.00074 -0.69542
-0.35220 -0.17427 -0.08765 0.04072 -0.32101 0.21367 -0.57755 -0.28575 0.24060 -0.00622 0.23257 -0.07781 -0.17592 -0.12170 -0.03241 0.00313 -0.02001 0.63743 0.01405 -0.13895 -0.13221 -0.11021 -0.13011 -0.41577 -0.01848 -0.04250 -0.05369 -0.12758 -0.24352 -0.07177 -0.13838 -0.01441
-0.40670 -0.07135 -0.14837 -0.29244 -0.35629 0.18183 -0.60333 -0.28022 0.14914 0.01063 0.22206 -0.10125 0.05569 -0.20605 -0.16275 0.00837 0.06488 0.72938 -0.04439 -0.18338 -0.12839 -0.06879 -0.35003 -0.36157 0.00432 -0.04871 -0.05137 -0.20698 -0.33385 0.05229 -0.14406 0.00512
-0.52452 -0.12038 -0.16058 -0.34360 -0.27921 0.12948 -0.60393 -0.18965 0.32765 -0.01558 0.20650 -0.21639 0.01945 -0.14946 0.00614 -0.03160 -0.01093 0.70634 0.08050 -0.15692 -0.12995 0.16979 0.15712 -0.24144 -0.04581 -0.04803 -0.14572 -0.18587 -0.36127 0.02713 -0.22841 0.09217
0.35759 0.21514 0.28517 0.40566 -0.14236 -0.76069 -0.55096 -0.19541 -0.74171 0.46898 -0.65669 0.31174 -0.01382 0.38921 0.32561 -0.55024 -1.05657 -0.20447 -0.37170 -0.78146 0.27188 -0.23984 0.05596 0.83689 -0.07336 0.98645 0.19955 0.09853 -0.18264 0.28906 -0.10655 0.17152
0.45514 0.18172 0.74643 0.34732 -0.04073 -0.54327 -0.57667 -0.17400 -1.12297 0.42415 -0.66983 0.32489 0.03905 0.41207 0.49254 -0.49487 -0.93042 -0.29588 -0.34925 -0.79070 0.27105 -0.13001 -0.11247 0.73901 -0.03343 0.99765 0.20611 0.25670 -0.13962 0.31006 -0.21054 0.09167
0.36880 0.16127 0.71422 0.36904 0.01702 -0.42928 -0.51004 -0.17096 -0.55629 0.19528 -0.84894 0.34026 0.03364 0.51816 0.35930 -0.63618 -1.11037 0.12776 -0.08400 -0.76167 0.31466 0.07783 0.04916 0.75224 0.08142 0.93608 0.06051 0.36723 -0.12348 0.16457 0.02159 -0.03885
0.38400 0.12070 -0.18168 -0.07490 -0.17468 -0.17024 0.45150 0.03664 -0.19506 -0.13257 0.00762 0.12370 0.02405 0.04774 -0.05625 -0.06455 0.45822 -0.27661 0.05209 0.38010 0.38225 -0.07733 -0.04245 0.67155 0.11302 0.33231 0.04597 -0.11752 0.76211 0.11846 -0.24742 0.12776
0.56845 -0.05326 -0.03947 0.02059 -0.11027 -0.30465 0.42965 0.07414 -0.21965 -0.17210 -0.13557 0.00243 -0.07446 0.11663 0.12528 -0.10521 0.39146 -0.09315 0.03638 0.46963 0.38959 0.15972 0.01689 0.49059 0.11560 0.33936 -0.03837 -0.05723 0.67165 -0.05845 -0.39382 0.29173
0.46388 0.12732 0.10468 -0.11542 -0.17240 -0.23677 0.56849 0.15546 -0.16149 -0.05698 -0.16689 0.25161 -0.08364 0.25065 0.20140 -0.11323 0.35111 -0.14571 -0.09922 0.48251 0.37607 -0.00222 0.06850 0.59277 0.10585 0.33609 0.18778 0.00348 0.78271 -0.01264 -0.47593 0.09499
0.05982 -0.05681 -0.06984 -0.09040 -0.03687 0.03454 -0.41995 -0.37319 0.01253 -0.14849 -0.15444 -0.05982 -0.06236 0.00228 -0.13728 -0.06548 -0.53723 0.05218 -0.04945 -0.39211 -0.22422 -0.01432 -0.07230 0.06375 -0.05895 -0.26863 0.02912 0.02603 -0.15097 -0.06845 -0.10164 -0.06432
0.03360 -0.13102 -0.09940 -0.06728 -0.07173 0.01912 -0.46343 -0.35630 -0.03104 -0.17224 -0.11434 -0.04885 -0.06503 -0.03277 -0.13603 -0.01148 -0.50379 0.02479 -0.01734 -0.39996 -0.24094 0.04323 -0.13931 0.08647 -0.04582 -0.25916 0.02735 0.14194 0.01597 -0.05020 -0.13211 -0.03289
0.07148 -0.00391 -0.06054 -0.04577 -0.11335 0.02463 -0.33400 -0.38264 0.02630 -0.11740 -0.09275 0.14258 -0.01898 0.02095 -0.15816 0.05190 -0.56688 0.00405 -0.01117 -0.42047 -0.21644 -0.04050 0.22519 0.05250 -0.09198 -0.27176 -0.16344 -0.11858 -0.06048 -0.09653 -0.05050 -0.15415
-0.79517 -0.60972 -0.46337 -0.31461 0.39560 -0.76473 1.00525 -1.56615 -0.56884 -0.29741 -0.14401 0.22689 -0.43474 0.35893 0.10706 0.33026 -0.25731 -0.77850 -0.28669 0.37029 0.11376 0.00085 0.13588 -0.74116 -0.30526 0.14940 0.18666 -0.21208 0.23197 -0.06847 -0.56378 -0.42282
-0.73110 -0.47938 -0.01243 -0.43508 0.40865 -0.27538 0.99216 -1.11566 -0.79329 -0.19275 -0.38699 -0.17451 -0.21691 0.61001 -0.18904 0.35918 -0.27761 -0.65668 -0.20150 0.33259 0.06257 -0.04813 0.43336 -0.44453 -0.11148 0.16825 0.12244 0.04430 0.38881 -0.37948 -0.81305 -0.30991
-0.81460 -0.60034 0.02146 -0.09921 0.32840 -0.55594 0.91209 -1.21666 -0.68764 -0.17099 0.21328 0.28873 -0.43232 0.69529 -0.01442 0.21664 -0.32107 -0.44926 -0.16121 0.38941 0.02404 0.08650 0.16115 -0.45315 -0.45337 0.20919 0.44332 -0.05676 0.40374 -0.33134 -0.89150 -0.34963
0.70316 0.41611 0.24076 0.30592 0.24042 0.17955 0.10221 0.41142 -0.23660 0.05026 0.68586 0.55812 -0.05391 0.76562 0.45914 -0.01027 -0.18334 -0.01037 0.19088 -0.20818 0.73171 0.51369 -0.07978 1.13090 0.19110 1.20057 0.08301 0.62864 0.40877 0.33181 -0.47481 -0.11007
0.72768 0.39127 0.58873 0.33409 0.33345 0.13683 0.05394 0.54672 -0.25287 0.35182 0.61634 -0.06459 -0.11710 0.24640 0.32796 -0.22157 -0.24484 -0.10581 -0.23149 0.13304 0.92221 0.46356 -0.31297 1.06327 0.04047 1.26069 0.03018 0.55751 0.25636 0.39106 -0.41542 -0.31728
0.68957 0.19879 0.40561 0.42986 0.30494 0.30394 -0.01816 0.45862 -0.29968 0.28092 0.42138 0.25377 -0.04859 0.37078 0.59701 -0.15748 -0.33689 0.43785 -0.02075 -0.20804 0.86834 0.60500 0.50422 1.10294 0.16061 1.09186 0.03595 0.62969 0.11326 0.42503 -0.42966 0.10305
-0.20961 0.25424 0.07150 0.07517 -0.05096 0.15478 -0.18996 -0.28102 -0.03518 -0.02157 0.06768 0.03785 0.11023 -0.07848 -0.02267 -0.24070 -0.31592 0.15433 0.13786 -0.28406 -0.22609 0.03048 -0.01633 -0.00825 0.02574 0.10100 -0.16435 0.05903 -0.13370 -0.12222 0.16488 0.12314
-0.14315 -0.17696 0.10130 0.30634 0.14714 0.14183 -0.00142 -0.00640 0.24708 -0.05565 0.06999 -0.03101 0.01757 -0.00225 -0.02979 -0.09207 -0.20344 0.17546 0.10267 -0.08657 -0.12859 0.08412 -0.04244 0.01854 0.27083 0.17671 -0.14293 0.06111 -0.28571 -0.14784 0.30807 0.02589
-0.09909 -0.16746 0.01801 0.05285 -0.02076 -0.07652 -0.27611 -0.04950 0.00905 -0.18167 -0.04915 -0.02260 -0.04876 -0.25265 0.07542 -0.14985 -0.30484 -0.00608 -0.03607 -0.28582 -0.14330 0.16538 -0.12758 -0.14735 0.19438 -0.04451 -0.13797 0.05431 -0.13844 -0.16624 0.18683 -0.08766
