0.16639 -0.02516 -0.05469 0.00335 0.27754 0.00346 -0.09933 0.17796 -0.12507 -0.00168 -0.12047 -0.16073 0.05513 0.02748 0.12155 0.06770 0.06126 -0.10014 0.04054 0.03798 0.03041 -0.03319 0.23289 -0.08205 -0.10417 -0.07629 0.05368 -0.06058 0.07906 -0.00523 -0.04707 -0.03117 -0.21592 0.04135 -0.35160
0.21822 -0.09067 0.05273 -0.16895 -0.03448 0.04829 0.24930 -0.08307 -0.08219 0.25382 0.03236 -0.07337 -0.06556 -0.08188 -0.03335 -0.12177 0.21734 0.16664 0.08109 0.00966 0.15660 -0.18412 0.08199 -0.07232 -0.18146 0.09258 0.35513 -0.17876 -0.15735 -0.05730 -0.24256 0.08881 -0.07203 -0.15445 -0.28075
0.01462 -0.16197 0.06693 0.13395 -0.02768 -0.07222 0.12541 -0.03148 0.11945 0.15641 0.27435 0.12001 -0.06837 0.10017 -0.01288 -0.00938 0.01047 -0.08928 -0.02307 0.00030 0.13839 -0.04031 -0.16912 0.08051 -0.00035 -0.03855 0.09680 0.15621 0.02009 0.06187 -0.08569 -0.05900 -0.27060 0.00345 -0.22623
0.12616 -0.12761 -0.19863 0.07920 0.09016 0.09286 0.09409 0.04220 -0.09786 0.10846 -0.05574 -0.17077 0.12837 -0.00136 0.05878 0.05967 -0.17356 -0.00747 0.10063 0.11653 -0.04520 0.01894 0.03008 -0.03449 -0.08920 0.14768 -0.04150 0.16619 0.01202 -0.03845 -0.03336 -0.10468 -0.04896 0.07207 -0.29911
0.24107 0.11854 -0.10174 -0.05377 0.10541 -0.02845 0.21784 -0.03859 -0.13939 0.24632 -0.09838 -0.02099 0.31627 0.00256 -0.11390 0.00463 0.02220 -0.14904 0.06501 -0.02216 -0.13894 0.03473 0.15750 -0.16052 -0.03697 0.10610 0.06890 -0.02327 -0.02966 -0.09238 -0.04156 -0.06978 0.01142 -0.04917 -0.31013
0.22732 -0.02569 -0.09027 -0.06853 0.22507 -0.21973 -0.12865 0.14578 0.00363 0.21585 -0.08526 0.11091 -0.03606 -0.15379 0.15628 -0.01844 -0.11080 -0.22864 0.11917 -0.03948 0.04513 -0.03459 -0.10571 0.05523 -0.25790 0.03378 0.07049 0.17304 0.21834 0.02753 -0.17107 -0.18165 0.12339 -0.18059 -0.30750
0.20420 -0.15791 -0.00681 0.02641 -0.19565 -0.19190 0.47805 0.13848 0.12142 0.12503 -0.14084 0.37963 -0.34108 0.27144 0.12786 0.24976 0.04631 -0.35401 -0.16599 0.14551 0.09847 -0.12097 0.34380 -0.11798 -0.37394 0.05789 0.27298 -0.34108 -0.03302 -0.29851 -0.27670 -0.04997 0.35482 0.18103 -0.07793
-0.08882 -0.80370 -0.29191 -0.19760 0.00978 -0.02512 0.11969 0.27226 -0.26458 0.68250 -0.12963 -0.11785 -0.48584 0.20521 -0.06912 -0.25063 0.16573 0.19512 -0.26223 -0.04738 0.03244 -0.03243 -0.30401 -0.15902 0.68391 0.09978 0.23541 -0.04211 0.65409 -0.44323 -0.34755 0.02327 -0.36276 0.02850 -0.03485
0.76918 -0.30618 0.04018 -0.55954 0.33984 0.22392 0.30401 -0.08773 0.16719 -0.18442 0.05869 0.40228 0.19612 0.21920 0.32616 -0.11201 -0.67451 -0.31268 0.02809 -0.12371 -0.24776 -0.06888 0.41586 -0.34419 0.04608 -0.14370 -0.06938 0.26856 -0.20531 0.08159 0.06971 -0.03363 0.50238 1.39079 -0.18647
0.33190 -0.12424 -0.15545 -0.15466 0.00435 -0.17387 0.05905 0.10094 0.03641 0.22429 0.17587 -0.05096 -0.02164 0.08576 0.04337 0.15070 -0.25413 0.15471 0.08110 -0.16782 0.03378 -0.00557 0.14368 -0.09777 -0.23052 -0.03274 -0.09175 0.00410 0.03520 -0.12604 -0.29131 -0.03069 -0.11046 -0.09939 -0.16880
0.22513 -0.35439 -0.22780 -0.10540 0.06220 0.13524 0.48315 -0.15895 -0.13254 0.40472 -0.03530 0.32832 -0.03561 0.20423 0.16862 0.06763 -0.04409 -0.13997 -0.34268 0.15548 0.02387 -0.12820 0.22051 0.10644 -0.18869 -0.13951 0.14860 -0.10367 0.00908 -0.40140 -0.09361 0.13832 0.52148 0.45288 -0.11857
0.61663 0.06350 -0.15961 -0.14745 0.23566 -0.11071 0.50428 -0.32765 -0.03228 0.38623 -0.23473 0.28042 0.01840 0.35178 0.15649 0.02121 -0.01899 -0.17676 -0.25169 -0.23388 0.03660 0.02738 0.20597 0.38063 -0.18060 -0.26372 0.06678 -0.23036 0.39785 0.05495 -0.14473 0.16311 1.12358 0.21262 -0.18346
0.25256 -0.30101 -0.05295 -0.12128 0.16931 -0.24625 -0.03632 0.32948 -0.38495 -0.18625 -0.16186 -0.50772 0.59299 -0.34638 -0.09860 0.31960 -0.25838 0.25060 -0.55759 -0.25810 0.23883 0.71576 -0.24876 0.05847 -0.23651 0.71570 0.07418 -0.12156 0.06259 -0.08361 -0.28179 -0.43924 -0.34706 -0.08255 -0.53096
-0.21171 0.25959 -0.01769 0.14730 -0.52940 -0.19527 -0.05465 -0.41615 0.19056 0.70971 -0.51156 0.30414 -0.18417 0.22400 -0.27617 0.29376 0.30709 -0.06126 0.05525 -0.30208 -0.13674 0.00833 0.05393 -0.25726 0.20223 -0.19916 0.05730 -0.45028 -0.92082 -0.04476 -0.23169 0.13840 -0.47166 -0.66098 -0.14202
-0.20784 -0.14290 0.26828 -0.41952 -0.05872 0.22152 0.07134 0.18305 0.23459 -0.15522 0.49508 0.26986 -0.01277 0.19206 -0.14570 -0.04915 0.05849 0.20287 0.04528 -0.17084 -0.28652 -0.32601 0.18004 -0.17332 -0.37252 -0.09607 0.28162 -0.12470 -0.32727 0.02310 -0.38991 0.10607 0.36310 1.12900 -0.07898
0.05851 -0.29542 0.24498 -0.17335 0.83141 0.19848 -0.10123 0.08210 0.37328 0.08725 -0.02722 0.12624 -0.05527 -0.00806 0.38068 -0.41235 0.24768 -0.01753 0.25410 0.00644 -0.31699 0.11423 -0.27120 -0.08781 -0.03393 -0.08734 -0.00253 0.04797 -0.11474 -0.03699 -0.11334 -0.03331 -0.20443 -0.28052 -0.15396
0.21577 -0.17368 -0.09542 -0.06712 0.25094 -0.37646 -0.10149 -0.21547 0.04874 0.02190 0.42267 0.03881 0.05420 0.03621 -0.12559 0.42642 -0.40340 -0.26851 0.00276 0.23710 0.17933 -0.18767 -0.26209 -0.41490 0.10665 0.09354 0.25492 -0.26661 -0.10913 -0.06315 -0.19491 -0.33355 -0.06478 -0.13730 -0.39335
-0.41964 -0.27136 -0.59307 -0.08028 -0.60777 0.15648 0.43646 0.32719 0.06069 0.27647 -0.19361 -0.00555 -0.35408 0.05627 -0.22916 -0.08342 0.39214 0.22229 0.36031 0.19633 -0.04515 0.03133 -0.25486 -0.44097 0.45052 -0.22756 -0.35089 -0.54441 -0.11919 0.08392 0.05638 0.01399 -0.79410 -0.61912 -0.24534
0.20376 -0.09999 0.06119 -0.26429 -0.26403 0.16314 -0.00180 0.12164 0.27589 0.05624 0.73249 0.07814 0.19516 0.06011 -0.05999 0.06361 -0.16346 0.17701 0.12880 0.16504 0.02107 -0.05113 0.34041 -0.03763 -0.79838 -0.04097 -0.08587 -0.18960 -0.04386 0.14147 0.01988 -0.09404 0.16184 1.25771 -0.14564
-0.00912 -0.18002 0.13538 -0.02291 0.12802 -0.03203 0.15074 0.06235 0.11606 0.03957 -0.10360 0.09816 0.16391 -0.03268 -0.19651 0.11717 -0.00130 0.15131 -0.02089 0.06105 0.01153 -0.00905 0.13942 0.01744 -0.01062 -0.01270 -0.09099 -0.03874 0.06094 -0.07502 -0.10433 0.00888 -0.11746 -0.01109 -0.25433
0.06498 -0.06714 0.04867 -0.17716 -0.02237 0.23059 0.52684 0.23074 0.11612 -0.05937 0.44281 0.37246 0.01367 -0.23802 0.31833 -0.17445 0.13828 0.35982 0.03916 0.19485 0.04687 -0.48486 0.26139 -0.28978 0.01712 0.10682 0.36784 0.39717 -0.14890 -0.18616 0.03529 0.27063 0.48550 1.44119 -0.31755
0.00084 -0.67017 -0.08219 -0.37550 0.00912 -0.23443 0.10197 0.24373 0.07441 -0.20989 0.42757 0.06096 -0.19636 -0.21769 -0.05848 -0.10957 0.32426 -0.24306 0.36499 -0.08918 0.15891 0.03867 -0.32152 0.10893 0.03648 -0.01922 0.29909 -0.03811 0.02234 -0.64373 -0.25673 -0.05345 -0.08317 0.26044 0.27960
0.27594 -0.13548 0.01138 -0.15156 0.72833 -0.03692 -0.23293 0.16196 -0.12263 -0.51740 0.00262 -0.15903 0.58682 -0.53918 0.04198 -0.10731 0.35690 0.11537 0.19827 -0.10738 -0.31296 0.16193 -0.45332 0.13603 -0.16001 0.70346 -0.01886 0.41987 0.28311 -0.09669 -0.16471 -0.39169 0.02114 0.08710 -0.28070
0.17634 -0.01369 -0.18561 0.17227 -0.22274 -0.31152 -0.31642 0.02491 0.08010 -0.18867 -0.06257 -0.13134 0.52525 -0.30658 -0.07228 0.34304 -0.39325 0.14841 0.05272 -0.04021 0.19311 0.33483 0.06066 0.16163 -0.09360 0.21123 -0.05300 0.11577 -0.10155 0.11282 0.21726 -0.36087 -0.40191 0.54500 -0.15331
0.30319 0.18037 0.02765 -0.12857 0.09119 0.08394 0.03468 0.20258 0.16786 -0.01947 0.69621 0.10909 0.17705 -0.05805 -0.03065 0.00558 -0.05173 0.17391 0.08767 0.03751 -0.03260 -0.17097 0.08625 -0.11319 -0.34396 -0.01706 -0.04173 -0.10404 -0.14174 0.28512 -0.17026 -0.11684 0.10759 0.88217 -0.08710
-0.41007 -0.53441 -0.56223 -0.02070 -0.44295 0.29152 0.04233 -0.10766 0.11086 0.63373 -0.25099 0.08928 -0.16822 0.05994 -0.15660 -0.45670 0.33361 -0.11497 0.02706 0.16443 0.32507 -0.04655 -0.46963 -0.23605 0.81945 -0.16797 -0.18427 -0.06721 0.00744 -0.17864 -0.05817 0.05872 -0.56536 -0.26020 -0.12372
0.12630 0.08862 -0.12810 0.10479 0.03574 -0.04482 0.07364 0.06901 -0.17158 0.05026 0.02320 0.09194 -0.02729 0.00579 -0.12134 0.02239 0.04286 -0.18765 0.10524 -0.03879 0.03906 -0.17856 0.13485 -0.01519 -0.03917 -0.09999 0.00601 0.04282 -0.11651 -0.03081 -0.10430 -0.21643 -0.10025 0.07596 -0.20918
0.18446 -0.25794 -0.21980 -0.13127 0.22048 -0.12677 0.27460 -0.28558 0.16396 -0.02276 0.00662 0.03661 -0.08384 -0.11213 0.11721 0.31238 -0.11474 -0.11358 0.13497 0.00890 0.05673 0.23987 -0.12755 -0.15624 0.04134 0.25528 0.00052 -0.06197 -0.23931 0.00975 -0.11849 -0.15651 -0.22115 0.04087 -0.38783
0.33173 -0.19980 -0.00977 0.01908 0.20492 -0.38242 -0.06523 -0.11722 0.01500 -0.06601 0.31804 -0.08173 0.05357 -0.14551 -0.15996 0.03167 0.06037 -0.01081 -0.18528 -0.21933 0.09180 0.06084 -0.49860 0.00220 -0.35322 0.12550 0.12074 0.00431 0.34845 -0.13509 -0.29113 -0.14908 -0.24744 0.09635 -0.13101
0.38109 0.29058 -0.22668 -0.38084 0.07603 0.08553 -0.10345 0.19906 0.06711 -0.14262 0.36075 0.27669 0.05771 -0.31427 -0.21778 0.54355 -0.35293 -0.04451 -0.06713 -0.05186 0.03824 -0.05415 0.67157 0.28811 -0.33681 0.26256 0.04773 0.28472 -0.04880 -0.16942 -0.30952 -0.02959 0.01664 -0.30343 -0.48352
-0.17138 -0.00993 -0.13811 -0.26113 -0.01765 -0.09046 0.29924 -0.23520 0.31608 0.63005 0.13318 0.47603 -0.40350 0.25623 0.00316 0.20716 -0.11185 -0.35467 -0.09732 0.32143 0.13086 -0.32678 -0.35970 -0.42989 -0.06533 -0.11224 0.25559 -0.17114 -0.28773 -0.17362 0.06085 0.34544 -0.16274 -0.01665 0.12305
-0.00702 -0.29755 0.30153 -0.19829 -0.05641 -0.20095 -0.41143 0.30738 -0.12165 -0.73820 0.25980 -0.27173 0.69786 -0.80670 -0.38845 0.08774 0.28399 0.21456 -0.29541 -0.13988 0.11874 0.21365 -0.33113 0.21994 -0.28489 0.71184 0.17315 0.56761 0.23107 -0.21779 0.26325 -0.38448 -0.02135 0.08388 -0.71641
