0.04773 -0.28152 0.14210 0.23769 0.16511 -0.20011 -0.04501 0.00041 -0.49504 0.03965 -0.03587 -0.58333 -0.07302 0.38388 -0.62202 -0.57610 -0.04823 0.01454 -0.54329 -0.19889 -0.92698 -0.10821 -0.56520 -0.08509 -0.39089 0.03236 -0.00794 0.22719 0.17674 0.02819 -0.26816 -0.05554
-0.05809 -0.18730 -0.06648 0.09804 -0.03949 -0.22995 -0.14806 -0.22184 -0.61710 0.04456 -0.35552 -0.67199 -0.20512 -0.02733 -0.62647 -0.34257 -0.36167 -0.25188 -0.50886 -0.06033 -0.52985 -0.47406 -0.23725 0.05338 -0.27401 -0.27498 0.19256 0.11190 0.11735 0.19920 -0.42782 0.55278
-0.00420 -0.26416 -0.13120 0.16104 0.00322 -0.10759 0.05095 -0.01550 -0.37995 0.29402 -0.28054 -0.32193 -0.25927 0.23026 -0.35204 -0.30944 -0.46430 -0.13145 -0.48055 -0.16154 -0.41716 -0.11283 -0.57115 0.08545 -0.42596 -0.19431 0.26712 0.00458 0.08068 -0.10161 -0.09744 0.22842
0.00247 -0.05276 -0.01283 0.12779 -0.25699 -0.09908 -0.25147 -0.19208 -0.77663 0.09287 -0.09259 -1.06261 -0.02486 -0.35344 -0.40186 -0.29004 0.32668 -0.21369 -0.17266 -0.01289 0.06425 -0.23450 0.15087 0.12377 0.17538 -0.29025 -0.01711 -0.13126 0.46141 -0.13380 -0.27647 0.29039
-0.13085 -0.09077 -0.06737 0.14112 -0.26550 -0.09728 0.02922 -0.08912 0.01655 -0.21376 -0.17360 -0.09819 -0.21688 0.03272 0.11334 0.03187 0.69471 0.00741 0.18836 0.11708 -0.27431 0.00993 0.06445 -0.08421 -0.08040 -0.18024 0.12125 0.40532 0.05155 0.14658 0.03242 -0.02329
-0.01988 -0.06659 0.14243 -0.09749 0.03916 -0.08573 -0.26695 -0.13062 -0.38008 -0.12504 -0.19661 -1.02222 -0.02655 -0.16511 0.02046 0.28372 0.40544 0.03987 0.25287 -0.11456 0.33808 0.20853 0.31928 0.05246 0.21968 0.16706 0.14883 0.23130 -0.12131 -0.03652 -0.12625 0.08229
0.07200 0.07778 0.16952 -0.16405 -0.03543 0.10054 -0.48582 -0.20900 -0.11522 -0.19640 -0.45231 0.07269 0.14601 -0.26827 -0.03299 0.38443 0.04670 -0.41341 0.14050 -0.09902 0.40514 0.01571 0.46281 -0.00290 -0.28454 -0.47390 0.01173 -0.21065 -0.13903 0.20411 -0.42382 0.23861
0.07227 0.17130 -0.03751 0.07853 0.13317 -0.05599 -0.19890 -0.27569 -0.07757 0.03280 0.05510 -0.06750 -0.01760 -0.20931 0.09252 -0.08122 -0.09962 -0.05734 -0.13830 0.03497 0.00555 -0.26536 -0.11760 -0.09163 -0.04970 -0.01360 0.11920 -0.03423 -0.18793 0.05858 -0.03639 -0.52049
0.15005 0.56931 -0.12939 0.15285 -0.00262 -0.30302 -0.02093 -0.24662 -0.24089 -0.08630 -0.24217 -0.21156 -0.20617 0.07278 0.04842 -0.10592 -0.05600 -0.11253 -0.42722 -0.03109 -1.59705 -0.01274 -0.22286 -0.02632 -0.18094 -0.30136 0.13916 -0.17955 0.07653 -0.41648 -0.01715 -0.60764
-0.10614 -0.19576 -0.05536 0.07697 -0.03930 0.06850 -0.21273 -0.28302 -0.17785 0.14118 0.05735 -0.07034 -0.04050 -0.14708 0.02025 -0.10247 -0.08002 -0.20876 -0.32621 0.09881 -0.19312 -0.13289 0.02256 0.17368 -0.10293 -0.28028 0.09389 -0.10387 -0.31633 -0.15192 -0.06245 -0.26739
-0.12829 0.34954 -0.12996 0.08577 -0.10533 -0.06956 0.15678 0.29729 -0.28457 0.09026 0.11404 0.15498 -0.23633 0.12373 0.10270 0.03482 0.18470 0.00958 -0.13251 0.01603 -0.57054 0.07173 -0.47695 -0.24237 0.01355 0.25045 -0.15963 -0.10088 -0.18119 0.17860 0.02131 0.05688
0.04937 -0.16248 0.13620 0.15986 0.01088 0.10440 -0.33725 -0.01108 0.23421 0.01932 0.13415 0.21793 0.65775 0.13711 0.48139 -0.07207 0.15543 -0.18086 0.44604 -0.00979 0.87642 0.26818 0.81074 0.49505 0.18708 0.09621 -0.10384 -0.01304 0.42053 0.10429 -0.15059 0.56751
0.01118 -0.24281 0.08868 0.07190 0.15052 0.06107 0.13707 0.18796 0.07384 -0.10312 0.25416 0.06376 -0.01132 -0.00517 0.35062 -0.15913 -0.02426 -0.12620 0.17990 -0.13606 0.08501 -0.18702 -0.09476 -0.15761 0.05647 0.20646 0.16559 -0.16841 -0.41915 -0.02048 -0.00607 -0.02253
0.06754 -0.23251 0.07838 0.05050 -0.07156 -0.07199 0.23675 -0.14562 -0.12714 -0.02207 -0.21991 0.04456 -0.21476 -0.11937 0.14619 -0.09512 -0.05896 0.12375 -0.01325 0.05086 -0.03058 0.19688 -0.16793 0.07507 0.17398 -0.13915 0.01520 0.58810 -0.02803 -0.04679 0.08947 -0.33577
-0.16822 -0.27529 0.01470 0.08749 0.11875 0.00731 -0.18075 -0.18930 -0.42369 -0.38048 -0.44841 -0.23494 -0.27471 -0.21879 -0.50849 0.13661 0.28398 -0.08313 -0.36015 0.03542 -0.37728 -0.37769 0.14011 -0.11810 -0.60682 -0.33955 -0.39554 0.43220 -0.24917 0.20119 -0.18651 -0.17804
-0.12461 0.02442 -0.06046 -0.08146 -0.12428 -0.08536 -0.37978 -0.21474 -0.39219 -0.24424 -0.16944 -0.38799 -0.25559 -0.22333 -0.17321 0.15735 0.21205 -0.24804 -0.51886 0.03716 -0.16332 -0.37473 -0.14433 -0.08686 -0.05138 -0.32283 -0.38231 0.68554 -0.12558 -0.20002 -0.19381 -0.18133
-0.09423 -0.01290 0.01185 0.00692 -0.05369 0.13290 0.00040 -0.15148 0.01424 -0.11771 0.01061 -0.16579 -0.18765 -0.05706 -0.21435 0.21577 0.12179 -0.14246 -0.30837 0.13593 0.04607 -0.40772 -0.18886 0.05703 -0.26326 -0.28654 -0.61300 0.45424 0.04494 -0.05056 -0.11185 -0.05392
0.14712 0.04377 -0.04836 0.11692 -0.04470 0.16925 -0.00867 -0.04833 -0.23471 -0.11556 0.15675 -0.22499 0.09768 0.17189 -0.00790 -0.27463 0.36669 0.34289 -0.18956 0.21026 0.03297 -0.07555 0.09627 -0.08344 -0.29996 0.29745 -0.23786 0.35840 0.12644 -0.22392 0.28232 0.19030
-0.13609 -0.05600 0.06826 0.06759 -0.02410 0.04421 -0.02182 0.01384 -0.05080 -0.25316 -0.15328 -0.19209 -0.17488 0.10335 0.00395 -0.05250 -0.09345 -0.18535 0.12502 -0.04907 0.09003 -0.12058 0.25131 -0.34660 -0.01668 -0.17390 0.01986 0.44079 0.11160 0.26411 -0.15958 -0.17816
-0.13799 -0.26902 0.15694 -0.13651 -0.02441 -0.05117 0.32777 0.13236 0.21426 0.36584 0.05048 0.29849 -0.19481 0.14809 0.49346 0.22837 0.26622 -0.15610 0.51205 0.15059 0.16850 0.15358 0.04383 0.01387 0.36737 -0.24526 0.10470 0.07892 0.31306 -0.38360 0.10700 -0.05526
-0.11631 0.10629 -0.04972 0.09249 0.14387 0.11100 0.10827 -0.13789 -0.11319 -0.19770 -0.14278 0.05325 0.12636 0.06211 0.32898 0.11803 -0.09551 0.09538 0.04861 0.12183 -0.19484 -0.09951 -0.35195 0.13891 0.13536 -0.17907 -0.09448 -0.38804 -0.06394 -0.07619 0.05793 0.18777
0.21641 -0.34893 -0.12570 -0.04866 -0.12781 -0.24323 0.20151 0.18525 -0.57522 -0.09115 -0.28851 -0.39635 0.27276 0.73512 -0.12154 0.19061 0.25691 0.75932 -0.07003 0.23156 -0.53349 0.13811 0.33223 0.11278 -0.08836 0.52149 0.26693 0.25533 0.06771 -0.01708 -0.02329 0.41800
0.17761 0.04168 -0.17385 0.12772 0.13093 -0.04674 -0.21133 -0.09181 -0.56815 -0.18880 -0.31883 -0.46597 0.40233 -0.17360 -0.22437 -0.00092 0.37357 0.20167 -0.43418 0.22314 -0.77235 -0.06424 0.14135 0.42254 -0.19264 -0.08304 0.20148 0.20179 0.17256 0.02181 0.00444 0.45165
0.04069 -0.30648 -0.08683 0.03518 -0.10992 -0.30544 -0.01702 -0.28454 -0.45124 -0.06638 0.09247 -0.31926 0.07563 0.16442 -0.01950 0.23413 0.04902 0.31226 -0.19791 0.01579 -0.40980 -0.07602 0.40358 0.19205 -0.33835 0.06988 0.08876 0.37695 0.05663 0.02851 0.03501 0.06264
-0.11175 0.07948 0.13887 0.21328 -0.00504 -0.07868 0.42163 0.14125 -0.08601 -0.20273 0.44832 0.15800 0.29692 0.35564 0.65005 -0.05029 0.08116 0.22453 -0.01255 0.02745 0.41659 0.18266 -0.25184 0.39038 0.20028 0.04402 -0.10005 -0.06900 0.07165 -0.44044 0.40942 0.01795
-0.06928 -0.00598 -0.18726 -0.12108 -0.14278 0.02504 0.02720 -0.48327 0.36481 0.06367 0.30514 0.34189 -0.03113 -0.22870 0.29609 -0.09229 0.32600 -0.45812 0.36147 -0.22417 0.05794 -0.08614 -0.22862 0.08866 0.18506 -0.34504 -0.01743 0.04404 0.17179 0.11737 -0.29225 -0.46835
-0.01085 0.02272 0.04549 -0.14520 -0.14425 0.05395 0.21281 0.37157 0.83026 0.38170 0.14678 0.25725 0.28047 0.28274 0.20231 -0.06852 0.19235 0.12990 0.44406 -0.12467 0.52178 0.24817 0.22178 0.28344 0.32187 0.18762 -0.01620 0.06194 -0.15732 0.43470 0.40318 0.37853
-0.25276 -0.24443 0.13153 -0.08097 -0.17153 0.18344 -0.17982 -0.12662 0.44774 0.08591 -0.02669 0.14278 -0.08618 -0.20059 0.05621 -0.05589 0.42364 -0.36438 0.28318 0.22664 0.11786 -0.13527 0.25292 0.09778 0.12995 -0.23461 0.10234 0.05638 -0.20510 -0.26880 -0.21017 -0.09759
0.01726 -0.09575 -0.05439 -0.21826 -0.40414 -0.32238 0.20965 0.01661 0.42899 -0.23113 0.20912 -0.37065 0.27480 -0.13291 0.56446 -0.09312 -0.43878 -0.02515 0.41817 -0.41899 0.26657 0.06589 0.58975 0.38107 0.19985 0.28358 -0.10549 -0.11665 -0.23616 -0.23995 0.14968 0.56328
-0.33369 -0.46238 -0.03979 -0.31921 -0.26305 -0.16447 -0.22519 0.28262 -0.34612 -0.22661 0.04966 -0.21710 0.28174 0.42993 -0.16565 -0.35895 -0.55296 0.26926 -0.27517 -0.26257 -0.57744 0.17111 -0.00628 0.68106 0.02646 0.55784 0.45158 0.18018 0.16675 -0.15871 0.19075 0.50913
-0.04122 -0.17662 -0.07675 -0.16180 -0.46438 0.03173 -0.16523 -0.10091 -0.43432 -0.06957 -0.04321 -0.13555 0.52097 -0.05008 -0.38752 -0.38393 0.14565 0.01889 -0.21637 -0.29616 -0.35556 -0.06054 0.09833 0.22218 -0.06617 -0.10073 0.08687 0.19529 0.20191 0.06560 -0.16087 0.15139
0.29721 -0.06931 0.23011 0.03042 -0.22900 0.33632 -0.23042 0.04418 -0.28105 0.32228 -0.20781 -0.52667 -0.02449 -0.04956 -0.22443 0.62277 -0.54843 0.17877 -0.35543 0.28727 -0.34404 -0.07904 -0.63784 0.76932 -0.27063 0.20011 0.64627 0.39347 0.21964 -0.03412 -0.03877 -0.77164
-0.10437 0.36233 0.04357 0.20290 0.39486 0.11881 0.25114 -0.27897 -0.90280 -0.10541 -0.04626 0.04394 0.08936 -0.27788 -0.80831 -0.01590 -0.23472 -0.67040 -0.48312 -0.29067 -0.93084 -0.38583 -0.42072 -0.40008 -0.27853 -0.68011 -0.42274 0.25481 0.21094 -0.20228 -0.41128 0.16365
0.19554 0.30199 -0.26970 -0.41313 -0.36185 0.09828 -0.21995 -0.06127 -0.18923 0.30226 -0.29240 -0.74269 -0.12679 0.22704 -0.28935 -0.55794 0.25826 0.15560 -0.47156 -0.14244 0.35894 -0.15988 -0.43482 -0.92720 -0.01564 0.00440 -0.09358 0.00968 -0.51343 -0.03071 -0.09346 -0.28487
0.23371 0.04579 -0.02946 0.03527 0.09409 0.18352 -0.17290 0.29960 -0.05015 -0.20715 -0.02544 0.19079 -0.84969 0.41406 -0.15460 0.30803 0.01369 0.51607 -0.15910 0.00806 -0.30543 0.21996 -0.01260 -0.15679 0.02214 0.39723 0.12808 0.08571 -0.53064 0.15480 0.34439 0.13050
-0.14965 -0.34219 0.05694 -0.14627 0.14497 -0.04355 -0.12140 -0.44033 -0.15960 -0.09451 -0.36135 -0.11895 0.30090 -0.46356 -0.05005 -0.31556 -0.01087 -0.24917 -0.12041 0.04117 0.17767 -0.09913 0.26169 0.35666 -0.07395 -0.53396 0.10530 0.04770 -0.02166 0.02399 -0.34173 0.42167
-0.09354 -0.00563 -0.23515 -0.07423 -0.05044 -0.04694 -0.04049 -0.12437 -0.16595 0.12706 -0.06682 -0.13181 0.21139 0.00807 -0.00730 -0.05159 -0.06169 -0.10665 0.05478 -0.15366 -0.49520 -0.16836 0.11032 0.13552 -0.07706 -0.06022 -0.18874 0.11217 0.21510 -0.07292 -0.02149 0.37251
-0.10695 -0.33152 -0.04432 0.00818 -0.10168 0.10084 0.04900 0.27529 -0.56930 -0.06386 0.05817 -0.09021 0.34443 0.50036 -0.39908 -0.09622 -0.31941 0.52398 -0.59914 0.00723 -1.03545 0.15416 0.43121 0.19289 -0.13969 0.37410 -0.06005 -0.06825 0.02073 0.27921 0.20766 0.12092
0.23792 0.21743 -0.07410 -0.11201 0.26684 0.01099 0.01111 -0.12680 -0.06386 0.17687 0.08854 0.38110 -0.30706 -0.05252 -0.05786 -0.10464 -0.07014 -0.33004 -0.47502 -0.12923 -0.28359 -0.16202 -0.18125 -0.31663 -0.36288 -0.02503 -0.04660 -0.19327 -0.28563 -0.24363 -0.15906 -0.43645
0.06735 -0.39557 0.07977 -0.12099 -0.22534 -0.22304 -0.05020 0.14861 -0.24088 0.01536 -0.08061 -0.33177 -0.47020 0.15447 -0.24133 0.01481 -0.26549 0.15657 -0.29136 0.13008 -0.43995 0.29003 -0.41555 -0.17554 -0.23474 0.26771 -0.07206 -0.17767 -0.03837 -0.48533 0.14854 -0.48599
0.15920 -0.21197 0.06747 -0.15049 0.09044 0.14705 0.39843 0.11984 -0.03108 -0.04918 0.33890 0.50154 0.27685 0.30481 0.09223 0.19585 0.17531 0.23894 -0.33224 0.15501 -0.42976 0.12516 0.06620 0.01706 -0.11162 0.22924 -0.12639 0.06720 -0.14825 -0.30331 0.23836 -0.08526
-0.03757 0.39249 -0.19065 -0.01706 0.24054 0.11661 0.26728 0.15741 0.17994 -0.02597 0.35631 0.93433 0.04845 0.28736 0.28562 -0.04371 0.14398 0.32279 0.15845 0.12349 0.30493 0.31379 -0.03357 -0.08843 0.17772 0.26794 0.00549 -0.20039 -0.22513 0.26658 0.43076 -0.09004
-0.13498 -0.01888 -0.14855 -0.02410 0.10946 -0.12318 -0.03370 -0.08123 -0.29490 0.10524 -0.22292 -0.09885 0.34491 0.83233 -0.34770 -0.06695 0.19158 0.66158 -0.37852 0.07212 -0.86174 -0.09119 0.37314 0.10661 -0.24809 0.39464 -0.02238 0.22244 -0.03311 0.21925 -0.06102 0.48079
-0.03501 0.28008 -0.00162 0.08059 0.50486 -0.02340 0.07837 -0.02866 -0.25371 -0.08456 -0.01921 -0.04727 0.34271 0.50537 -0.39809 0.12863 -0.21068 0.07264 -0.28799 0.12668 -0.57788 -0.32337 0.25189 0.28256 -0.14351 0.17857 0.12445 0.07894 0.03160 -0.26768 0.17699 0.11160
-0.06504 -0.21516 -0.02261 0.19107 0.04296 0.03113 -0.44952 -0.45089 -0.34217 0.22433 -0.41790 -0.32711 0.43487 -0.32517 -0.41117 -0.01143 0.22044 -0.55637 -0.52284 0.04989 -0.47323 -0.58096 0.42078 0.24199 -0.46945 -0.40796 -0.11033 0.29537 -0.23629 -0.09770 -0.39657 0.45313
0.13939 -0.36505 -0.20809 0.06424 -0.02516 0.07631 0.34940 0.43811 0.29408 -0.09214 0.36911 0.22936 0.15474 0.19691 0.26674 0.07875 -0.04005 0.22056 0.54567 0.20626 0.23425 0.23926 -0.23131 0.19901 0.52353 0.17798 -0.04865 -0.10725 0.13640 0.06845 0.48837 -0.13139
0.02011 0.38645 -0.04342 -0.27619 0.14265 -0.04361 -0.01116 -0.07526 0.05797 -0.33316 0.14825 0.41119 -0.19420 -0.00707 0.16214 0.04595 -0.21786 0.25483 -0.16009 0.17766 0.49877 -0.24561 -0.16197 -0.13366 -0.11687 0.31699 0.08955 -0.23066 -0.19592 0.36733 -0.36362 -0.35769
-0.00816 -0.38801 -0.11341 0.14581 0.33631 -0.06902 0.32806 -0.27676 -0.49377 -0.08451 0.14182 -0.22056 -0.04504 0.37102 -0.16480 -0.21959 -0.14632 0.11638 -0.46933 -0.02929 -0.59209 0.15356 0.09521 -0.57086 -0.23683 -0.10277 -0.23070 0.06807 0.02255 0.59566 0.37959 -0.11512
-0.00906 0.27622 0.09298 -0.22137 0.41649 -0.07768 -0.33704 -0.23619 0.15644 -0.30027 -0.34093 -0.34358 0.40111 -0.17388 -0.05976 -0.15934 -0.23733 -0.26516 0.62113 -0.13610 0.25132 -0.45823 0.48577 0.33601 0.29398 -0.35357 -0.05043 -0.24096 -0.01251 0.09905 -0.33370 0.46417
0.47017 0.01774 -0.00370 0.06907 0.07431 -0.19522 0.13386 -0.29624 0.53074 -0.14215 0.35944 0.15380 0.32180 -0.41377 0.39751 0.00160 -0.30536 -0.18099 0.73269 0.19661 0.51552 0.28173 0.66907 0.54406 0.29439 -0.16908 -0.00083 -0.15467 0.44325 0.09688 0.09100 1.01925
0.63703 0.17833 -0.02127 0.06154 -0.02070 -0.15021 -0.48865 -0.23623 -0.04499 0.36610 -0.14692 -0.18838 0.01471 -0.06973 -0.13601 -0.34415 -0.82171 0.08432 0.01977 -0.05623 0.14088 -0.33292 -0.08596 0.12645 -0.00808 0.01768 0.02983 -0.12218 0.27105 -0.25979 -0.24345 0.08689
0.42401 -0.12878 -0.01664 -0.06497 0.09806 -0.27705 0.31241 -0.40775 0.46437 -0.00175 0.39318 0.15091 0.10675 -0.18966 0.84307 -0.02995 -0.74528 0.02224 0.82958 -0.01899 0.71312 0.42970 0.52161 0.44959 0.68321 -0.00051 -0.14006 0.07079 0.93004 0.52165 -0.01923 0.62719
0.01506 0.15951 -0.16226 -0.16879 -0.13096 0.01442 0.07382 -0.02405 0.56689 -0.30611 0.73409 0.77978 -0.13203 -0.15223 0.68899 -0.15155 -0.22898 0.05858 0.62866 0.24831 0.16639 0.61561 0.05473 0.14153 0.38621 -0.03514 -0.12382 0.25141 0.07259 -0.45383 0.37844 0.11321
0.28329 -0.22980 0.01021 0.08618 0.00501 0.02801 0.86743 -0.00885 0.62285 0.16202 0.58347 0.67896 0.13632 -0.18680 0.74433 0.26774 0.23788 0.15647 0.42500 -0.12925 0.93074 -0.24831 0.25455 -0.11351 0.27176 -0.13054 -0.18755 0.16247 0.13952 0.51457 0.22386 0.66244
0.55994 0.14329 -0.12353 -0.05665 -0.20203 0.29770 -0.45362 0.36064 -0.00574 0.29586 -0.56983 -0.41660 -0.18731 -0.05218 -0.05889 -0.12111 0.06232 -0.05478 0.49617 0.10460 -0.20865 0.44775 0.51846 0.29339 0.46845 -0.12082 -0.14161 0.03457 0.29552 0.29083 0.13438 0.44862
0.11594 -0.08184 0.06085 -0.17106 -0.00855 -0.02148 0.25200 0.43789 0.44806 -0.37577 0.09878 0.05303 0.60308 0.03369 0.11167 -0.13819 0.21696 0.01293 0.00871 -0.22335 -0.13786 -0.28331 0.07309 -0.03088 -0.44241 -0.07366 -0.42750 0.17167 -0.55558 0.24946 0.13846 -0.34439
-0.35007 -0.24072 -0.01682 -0.04094 -0.40083 -0.10405 -0.05927 0.24280 -0.38485 0.34667 -0.10478 -0.42299 0.36283 0.06314 -0.16661 -1.00641 0.01300 0.39394 -0.11781 -0.06618 0.38718 0.04913 -0.06415 0.23840 -0.07765 0.36662 -0.20908 -0.23488 -0.21041 -0.09239 -0.03588 -0.09509
-0.21836 0.00427 0.21127 0.45617 -0.32047 0.10490 -0.02437 0.00482 0.07171 -0.07009 -0.07701 -0.38990 0.45164 -0.46916 0.05242 -0.49061 -0.04028 -0.10144 0.19497 -0.15350 0.46213 -0.13159 -0.25527 0.23044 0.12490 -0.12300 -0.10580 -0.37532 -0.15047 0.10083 0.00235 -0.39064
-0.08834 0.19944 0.21619 -0.30372 -0.50196 -0.38022 -0.23964 -0.13426 -0.69006 0.36712 -0.35818 -0.29695 0.10930 -0.13436 -0.62874 -0.31784 -0.03496 -0.12466 -0.44337 -0.07711 -1.20032 -0.22443 -0.40295 -0.17268 -0.50103 -0.36181 -0.18233 -0.11377 -0.05231 0.32581 -0.18745 0.01657
0.16139 0.19131 -0.16725 -0.19651 -0.01067 0.06172 0.18679 0.33881 0.11509 0.05192 0.27017 0.35862 -0.00526 0.20349 0.11958 0.27960 0.30319 0.27277 0.57129 0.20045 0.28640 0.17012 0.41401 0.07857 0.45953 0.19441 0.04321 -0.00703 0.09856 0.28093 0.22864 0.30933
-0.25743 -0.12320 -0.14174 0.16234 -0.16344 0.38026 -0.07193 -0.10176 0.41252 -0.07944 0.01651 0.18895 -0.34567 -0.03031 -0.08989 -0.09090 0.54871 -0.08158 -0.16093 -0.14498 -0.07386 -0.24799 0.65200 0.05079 -0.11322 0.02348 0.06016 -0.13570 -0.01887 0.38871 -0.16897 0.47091
-0.13448 -0.15567 -0.06002 0.02498 -0.31767 0.15155 0.09156 0.25039 -0.09302 -0.21059 0.11033 0.04583 -0.17798 -0.06782 -0.29875 0.00314 -0.25857 -0.10606 -0.28999 -0.02052 0.06638 0.24788 -0.04628 -0.19452 -0.05910 -0.01009 -0.39113 0.10841 -0.44390 -0.32593 0.06474 -0.46522
-0.10010 0.12618 -0.13594 0.24023 -0.17911 0.10566 -0.19749 -0.32770 -0.61563 -0.02413 -0.27857 -0.13560 -0.43827 -0.12618 -0.00034 0.13584 -0.00965 -0.46075 0.14799 -0.12040 -0.46114 -0.14679 0.03122 -0.51521 -0.14314 -0.20949 0.01549 0.09868 -0.10217 -0.15519 -0.33799 -0.69573
-0.09115 -0.03595 0.08586 -0.04378 -0.04457 -0.11785 -0.19922 -0.45809 -0.35837 0.11116 -0.10342 -0.39215 -0.36842 0.03217 -0.13415 -0.10087 -0.04091 -0.14365 -0.14111 0.02940 -0.22674 -0.56819 0.06570 -0.01000 -0.31201 -0.12009 -0.04254 0.05288 -0.00504 0.14225 -0.08572 -0.34584
-0.06481 -0.14707 -0.04874 0.08691 0.00171 -0.16858 -0.26371 -0.51016 -0.47372 -0.14100 -0.39964 -0.45425 -0.21920 -0.15939 -0.21295 0.11309 -0.02854 -0.15641 0.03411 0.04986 -0.23599 -0.53588 -0.08350 -0.10393 -0.31032 -0.13350 0.16825 -0.12529 -0.11157 -0.17542 -0.17084 -0.39857
-0.09054 0.16289 0.07321 0.09418 0.03027 -0.15022 -0.10265 -0.71862 -0.42894 0.06020 -0.29668 -0.38657 -0.30557 -0.07054 0.08100 -0.15271 0.15042 -0.10513 -0.16925 0.15397 -0.39768 -0.58929 -0.23972 -0.24203 -0.13377 -0.23851 0.07264 -0.04368 0.06204 -0.04328 -0.09005 -0.23852
0.05196 -0.07192 -0.12160 0.02251 -0.11283 -0.10959 -0.17674 -0.06331 -0.24227 0.13767 0.11856 -0.07185 0.05348 0.07875 -0.26014 -0.01769 -0.02869 -0.28050 0.05035 -0.05517 0.03964 0.03240 -0.21106 0.14631 0.11186 0.00224 -0.03131 0.05773 -0.00711 -0.14628 -0.09915 -0.12348
-0.06381 -0.07916 -0.17246 0.00634 0.02896 -0.01314 0.11474 -0.24748 -0.15639 -0.09642 -0.05090 -0.01543 -0.01047 -0.09701 -0.11697 -0.03121 -0.10791 -0.02999 0.14992 -0.12053 0.20164 -0.08051 -0.11188 0.16502 0.02262 -0.30460 0.16251 -0.00748 -0.08852 -0.09336 0.02571 0.00298
0.09764 0.11618 -0.06861 0.01500 -0.11435 0.14762 0.04712 -0.04829 0.16893 0.10905 0.00758 0.20934 -0.00159 0.05778 0.09095 0.08614 -0.13212 -0.06554 0.08052 0.08670 0.03998 -0.01632 0.13541 -0.08698 -0.02967 -0.12565 0.13100 0.00108 0.07192 0.09724 0.09152 0.01881
-0.01294 -0.14974 0.02848 -0.03916 -0.14859 0.16470 0.12077 0.04946 -0.04805 -0.16282 0.18959 0.10415 -0.16302 0.02700 0.23877 -0.04250 0.11458 0.40286 -0.13706 0.13188 -0.15796 0.09361 0.18380 -0.17124 0.03284 0.32118 -0.06413 0.13405 -0.14639 -0.05609 0.41937 0.17265
