-0.14380 0.63064 -0.75653 1.05729 -0.85788 -3.11212 0.80979 0.00233 0.60363 0.08868 0.78254 -0.91745 -1.73847 0.06696 0.48301 1.37515 0.34634 0.21369 0.57898 -0.52659 -1.34231 1.13568 1.38568 0.71357 -1.37132 -2.64507 0.97591 -0.43858 -0.88656 -0.56026 0.84260 -0.80693
0.03955 -0.38615 0.71730 0.41491 -0.60037 -0.17049 1.53332 -0.86757 1.23715 -1.24462 -1.25426 0.04036 -0.13295 -0.14239 1.32191 2.05077 -1.61993 0.34919 -0.94881 -1.49536 -0.42581 0.39597 -0.63935 -0.68713 -0.03969 -1.73608 -0.64456 1.23432 -1.64164 0.76808 -0.32082 -1.79175
-0.08096 2.16117 -1.10878 0.47353 1.35156 -0.45614 -0.64436 1.17430 -0.66335 -0.26671 -0.18067 -0.26694 -0.50344 0.51376 0.12192 0.11839 -0.04984 0.16335 0.42928 -1.07391 -0.14605 0.65027 1.93772 0.00764 -0.91808 1.84117 -1.02340 0.01147 0.91000 -1.55361 0.94046 -0.64920
-0.66993 -0.50896 0.28478 -0.69829 0.16983 -1.40906 0.84323 -0.30273 0.91824 -0.42559 -0.45955 -0.06271 1.16637 0.71909 0.78133 -0.91210 0.62099 0.38561 0.77198 1.92505 0.28251 0.40074 0.11370 1.27353 0.49190 1.46541 -0.81626 -1.00783 -0.74269 -0.44525 -1.22725 -0.75094
0.54629 -0.34094 0.63527 -1.41818 1.03937 0.71470 3.10838 -1.20462 1.31605 0.47590 -0.34219 -0.72779 -0.49416 -2.36154 0.46032 -1.67333 -1.13228 -0.22528 1.09750 0.54351 -2.23084 -1.66254 -1.11639 0.64574 -0.75335 1.09734 1.84199 -0.11304 1.37879 -1.32018 0.86921 -2.18568
1.11513 -0.63250 0.55413 2.36985 -0.72787 0.84552 -0.53868 -1.49641 -0.51606 0.86086 0.52702 0.69831 2.80655 1.47748 1.00187 1.18830 0.46257 -1.40092 -0.21802 2.32829 -1.51302 -0.73293 0.41440 1.17800 -0.24939 -1.18294 -2.34353 -0.36128 -0.58547 1.35534 -0.07565 0.31808
-0.42878 -0.43204 0.47216 -0.20221 -0.68830 -2.10207 0.31468 0.34240 -1.07697 -1.28505 -1.18671 -0.37376 0.42874 1.17350 1.07477 -1.40836 2.76767 -1.96213 0.65648 -1.54714 -0.58461 -0.02554 -0.05767 -1.53198 1.49721 -1.55241 -0.17252 0.16835 -0.36014 -0.17001 -2.25178 -0.56660
0.10506 -0.48614 -0.79299 -0.05154 -1.40475 0.06552 0.63130 -1.40343 1.31286 0.63916 1.36865 0.40364 0.73440 0.34509 0.78547 0.95209 -0.33894 -0.90602 -1.08541 -0.95235 0.91334 -0.97462 -1.58391 -0.90261 -0.82190 -1.04485 -0.71381 -0.78736 -0.84252 0.81127 -0.48719 0.90697
-0.26690 -1.43905 -0.08259 -0.60952 -0.26318 0.24705 -0.59454 -0.67608 -1.72258 0.53836 -1.30660 -0.41573 -0.51861 -1.32000 -2.10351 -0.23519 -2.63712 -0.17704 0.30407 -0.33177 0.00546 -0.18879 0.98072 0.53127 0.51798 0.59427 1.21005 -0.01878 0.50664 0.02444 -0.60252 -1.33025
1.37686 -0.85860 0.19773 0.46626 -0.05504 0.68389 -0.43557 -0.22782 -0.40656 0.16679 -0.14127 0.63734 -1.05649 0.21365 0.73330 0.76843 -0.22600 0.38015 -0.57641 0.82774 -0.88448 -0.27330 -1.29735 -0.48284 -0.13570 -0.35761 0.16111 -0.61664 0.18215 0.06403 0.23798 1.51302
0.53446 1.15163 -0.05077 1.41823 0.13241 1.05943 -0.78418 -0.78261 -0.67022 0.78235 -0.71483 0.47158 -0.43921 -0.18372 0.70793 0.18418 0.26569 -0.30995 0.25505 0.36087 -2.33617 -0.47835 0.57402 0.43766 -1.12160 1.73199 1.20246 0.90406 -0.48546 2.02001 -0.96362 -0.60804
0.50954 0.53151 -0.37743 -0.03122 -1.78164 -0.92472 1.63597 -1.64945 0.64482 0.66068 -1.95559 0.74594 -0.46708 -0.64151 1.12426 0.28490 -1.21881 0.34524 0.41754 -0.62160 2.24378 -1.31149 -0.66144 -0.19430 -1.49920 1.16068 0.48924 2.26150 -0.39758 -0.46284 0.03021 -1.57308
-0.55649 -0.91429 1.03623 -1.76572 1.06251 -1.13656 -0.27383 -0.24674 -0.42998 0.02850 -0.83209 -1.54213 -0.34969 0.77457 0.31697 0.06804 -0.68591 0.57071 -0.20038 -0.42316 0.98999 0.15856 2.85945 0.74308 -0.39541 1.09330 0.37736 1.20324 0.52356 -1.45052 -0.45213 -1.31115
0.60962 0.50975 0.83217 0.89863 -0.44244 0.20874 0.01601 -0.12772 2.02876 0.50086 -0.06376 0.18336 0.66824 -0.42411 0.43071 -1.13007 -0.49075 0.88329 -0.35713 -0.31228 -0.55724 0.25619 1.00737 -0.23395 0.25685 -0.76628 1.47216 0.86446 -0.00503 -1.32554 -0.24988 -2.33611
-0.39701 1.12569 1.88504 -2.08432 1.96096 0.42663 -1.05321 1.72379 -0.69723 0.51095 -0.12359 0.48797 -0.26855 -1.42385 0.21136 0.84878 0.01613 0.64786 -1.56742 0.02535 -0.75304 0.44033 1.51819 0.67452 -0.20625 0.42789 -0.08462 -1.24346 -1.01265 0.00732 -0.82517 0.69910
-0.22315 -0.32457 0.23068 -1.51460 -1.44789 1.78102 0.47231 -0.60330 -0.17432 -0.47700 0.00632 0.02938 -1.44641 -1.21442 -1.42452 0.73957 0.88642 0.40891 -2.46745 0.17581 -3.28929 0.60397 -0.01273 -0.18571 -0.71536 1.80156 -0.27191 0.72680 0.25924 -0.83995 0.80502 1.15787
-1.24547 -0.82119 -0.65518 -0.97501 0.57868 -0.12377 -1.09066 -0.72494 -0.69632 -1.40879 -0.89966 0.14558 0.96365 1.44764 -2.14862 -1.43492 -0.15202 -0.49916 0.67747 -0.18827 1.15446 -1.41598 0.17414 -0.43352 0.73534 -0.50846 1.60800 1.00916 1.38996 0.00142 1.33706 0.99178
-0.61133 1.53836 0.65499 1.13771 0.76236 1.53906 0.15357 0.42572 -0.67246 0.42538 -1.60387 -1.53157 -0.77123 -2.23854 -0.74084 1.22005 -1.90803 0.31825 0.54710 0.29594 0.51949 0.51716 -0.68477 0.09158 0.54078 0.80415 1.31663 0.06949 -0.94840 -0.60249 0.35627 -0.51430
0.87620 -0.63800 0.44555 0.41884 -1.14169 0.31586 0.51228 -1.87557 1.06462 -0.16397 0.95544 -1.53236 0.30705 1.08917 0.91866 0.55769 -1.00011 1.39090 0.93760 0.35347 0.16504 1.14172 -0.14309 -0.17589 0.73203 -1.14330 -0.37439 0.64978 0.07047 -0.02763 2.22827 -0.20460
0.03566 1.35536 -1.16705 -0.89534 -0.61952 0.83842 0.73812 0.37659 0.08097 -0.88046 -0.10083 0.48733 -0.44138 -1.35089 0.41112 -0.71381 -1.14524 -0.49113 0.85568 -0.64855 -0.92396 -1.92201 0.59309 -0.18118 1.14032 -1.64154 0.64311 0.17258 -0.63666 2.13205 0.32083 0.37870
-0.94193 -0.84546 0.04526 -1.24305 0.41496 0.31704 0.69418 1.21570 0.06497 -1.27248 0.00760 0.56248 0.99290 -1.89172 0.25578 -1.25122 -0.36964 0.47379 0.62440 -0.36254 -1.21015 0.00932 1.45294 -0.16304 0.11424 1.79684 -0.62376 -0.12561 -0.23379 -0.39100 0.21264 2.62802
-1.47260 0.98394 0.81899 -0.51585 -1.53689 0.48335 0.04260 1.74573 0.06359 0.72528 0.23275 -0.14897 -1.24520 -0.79520 -1.11695 -0.06515 1.57262 0.48516 -1.97863 -0.52286 -0.58654 -0.39545 -0.98293 -1.59563 0.35862 -1.57345 -1.24856 0.64963 1.56049 0.85688 -0.84575 0.61597
-0.80138 0.48877 1.17883 1.63306 0.03908 0.98056 0.38459 0.83966 -1.13848 -0.76396 0.14556 1.36436 0.00620 -0.45941 -1.68387 -1.34629 -1.71472 0.26635 0.83457 -0.09945 -1.18512 0.94287 -0.79300 -0.52264 -1.99816 -0.89470 2.50050 1.24644 0.70154 0.19343 0.43359 -0.45750
1.01199 -1.19568 1.37316 0.44916 -0.84501 0.27275 1.26812 0.13085 0.45533 0.32433 1.16569 0.36540 -0.32698 0.96559 -0.94237 1.43802 0.73415 -0.04346 0.44491 -0.68434 0.59567 -0.08481 -0.78959 0.77335 -0.69456 1.60979 -1.36777 -1.13044 0.98562 1.00647 0.01096 2.81997
0.27188 -0.19091 -0.34216 -0.30892 -0.95275 1.05356 1.36788 0.93080 -0.58308 1.14468 -0.13158 0.53055 -0.90830 0.28171 -0.90561 -1.74106 -0.88994 -0.81929 1.86045 0.09958 2.74823 -0.67094 -0.48283 -0.20879 0.45611 -0.01314 -1.22189 1.72572 0.92865 -0.08909 -0.29855 -0.24490
0.81921 0.47607 -0.25912 -1.85053 -0.08487 -0.16044 -1.67443 -0.72385 0.22203 0.03855 0.04404 -2.82767 -0.95735 1.00827 -0.39165 -0.10276 -0.09206 0.50568 -1.51295 0.98681 1.13093 0.16287 -0.83805 -0.47611 1.80511 0.43416 -1.32937 -0.07183 -1.10943 0.39379 0.27185 0.52871
0.80869 0.34420 1.24069 -0.81476 0.35405 -1.17882 -1.90056 1.00746 -0.08641 0.73582 -0.68227 0.06007 -0.44651 -0.53264 -1.94530 0.55270 0.87378 -0.99104 0.36563 -0.69095 -0.79142 0.34474 -0.54333 1.44659 -0.53615 -0.61668 0.97688 -1.73825 -0.35323 -0.76920 0.00153 -0.30934
2.24795 -0.03853 1.30897 -0.65728 -0.15262 -0.91720 -0.09691 -0.30007 -0.58446 0.63192 -1.59382 -0.61012 -0.00352 -2.44501 0.71828 1.28168 0.06222 -1.99733 -0.21042 2.09247 -1.28721 -1.12343 2.04481 -1.39710 -0.39523 0.93940 -0.79919 0.26077 0.09710 0.01223 1.19159 0.90662
1.08306 -1.55664 0.54720 -0.85934 0.49677 0.30935 0.33777 0.63752 1.01206 -1.10050 1.12787 0.06148 -0.60347 0.54162 -0.79884 0.43519 -0.31716 -2.24026 -0.70903 2.28316 -2.21179 -0.01642 -0.29617 -0.72358 -0.24302 -1.71804 -0.29253 -0.12499 -1.02250 -1.42554 0.69957 1.20857
-2.14166 -0.33138 0.17928 0.49816 1.29699 -0.47252 0.31493 0.64854 0.58184 -1.05577 -1.55896 -0.63934 0.36522 0.11829 -1.26026 -1.14034 0.05793 0.05869 -1.13103 -0.88772 -1.43288 1.26230 0.26253 -0.26864 0.47497 -1.17571 0.08143 -0.53912 0.67252 -0.93661 0.15637 -1.28951
-2.68699 -0.78758 0.90324 0.09539 -0.10913 -0.71056 0.65074 0.00980 1.18466 0.31649 1.07947 -0.75804 -0.76574 0.10162 1.52526 -1.85937 0.43245 -1.36903 -0.40283 -0.74859 -0.49760 0.92029 2.01330 1.51989 0.44063 1.27242 -0.23134 1.30025 0.32494 -0.88847 2.03547 1.22662
0.43055 1.05750 0.16206 0.67968 0.42981 0.19327 0.60934 -0.52435 -0.04646 0.48159 -1.02187 -1.23535 0.57276 0.71831 -0.51507 1.44301 0.35942 -0.69761 0.28052 1.67057 -1.26891 0.30372 -0.64051 0.45431 1.67336 1.03151 0.18067 0.37824 0.08366 0.58587 -1.16679 -0.73333
-1.04628 -0.02385 0.29049 -0.72791 -0.70846 0.36712 0.78445 -1.40849 -0.27299 -0.40049 -0.05410 1.53201 1.00997 0.01140 -0.21239 0.38973 0.15814 1.10112 0.73169 0.26214 2.01662 1.13278 -0.95347 0.76598 -0.92348 -0.01712 0.36209 1.23954 -0.17969 -0.98074 -1.02306 -0.21000
-0.26506 -0.50454 0.48438 0.32262 0.24175 -0.04574 0.23828 0.81513 1.12920 -1.29259 1.56450 -2.59116 -0.45565 -1.60350 1.54090 -0.15239 -0.89678 -0.13370 0.07269 -1.49568 -1.27604 -0.31990 -1.66569 -1.53541 1.24156 0.02894 0.17343 -0.15719 -0.99766 -2.30773 -1.25949 -0.98437
-0.84080 0.42802 0.40797 0.88987 0.18626 -0.47286 -0.32957 -0.43966 0.82525 -0.21343 -0.70452 0.42082 1.40488 -1.11430 0.62045 0.65510 -0.40959 1.06367 1.15369 -2.39691 -0.91749 -0.44675 1.29929 -0.63182 -0.16401 0.24550 -0.94946 0.08883 0.25356 0.72112 0.32693 1.07345
-0.09518 1.53645 0.12124 -0.22528 -0.51965 -0.43939 -0.56614 0.31197 0.27318 -0.29288 -0.72670 -0.21050 0.54455 1.47845 -0.42527 -0.37923 0.32991 0.67297 -0.04738 0.19488 0.18916 -1.45016 -1.18622 -1.01009 0.36580 1.98646 -0.18864 -0.24584 0.10482 -0.25565 0.25106 0.96935
1.43289 0.50229 -0.79880 -0.85321 1.27041 0.91699 -1.54087 0.58931 0.42654 -0.02663 1.44898 -0.02271 -1.42125 -0.32006 -1.19440 0.12575 0.37864 0.90027 -0.04316 1.49081 0.73147 0.27021 0.64881 -1.03395 -0.52757 1.58864 1.46545 -0.85478 -0.46239 -0.02550 -0.81731 -1.15693
1.04101 0.48198 -0.66468 -0.11182 -1.30414 1.16877 -1.51208 -0.90579 0.54577 -0.20484 -0.57465 -0.08753 1.34237 1.39235 -0.54663 0.48857 0.95717 0.78764 0.51775 1.53114 -0.71592 -0.97257 -1.02043 0.20159 -2.26345 1.30163 -1.39230 -1.30090 0.16855 1.63447 -0.59720 -0.20480
-1.25916 1.98193 0.32352 0.22765 0.74413 0.90536 -0.51246 -2.17585 1.10333 -0.58012 1.10652 0.45693 -1.41683 -0.84824 1.29196 -1.41402 -0.41955 -0.29753 0.26950 0.15204 0.87900 0.11361 -0.11334 -0.36562 -1.20602 -1.43775 1.01596 -0.05184 1.19430 -0.12869 -0.56986 0.30088
0.03950 -1.84374 1.23373 0.43427 -0.86618 0.53790 -0.29148 0.81563 2.12505 0.80716 -1.80466 -0.09184 -0.02245 0.16266 2.12282 -1.10835 -1.07122 -1.46786 1.03898 0.89125 1.37714 -0.94544 -0.46947 0.02131 -0.75429 -1.19914 -1.94488 -0.05313 1.10768 0.52313 0.65718 -0.57927
-0.03991 1.44751 -0.08932 1.72547 0.44710 0.23005 0.12301 0.46896 1.64990 -2.00987 1.92663 -0.82658 -0.23881 -0.56297 -0.44067 -0.60395 -1.31417 -0.59120 0.21921 0.00445 -0.35281 -0.44276 0.72896 0.51067 0.13144 0.13351 2.02208 -1.99876 -1.88259 0.36223 -0.78581 1.79337
-1.60999 0.26812 0.58277 0.63706 -0.30362 -1.65316 0.96826 0.08697 -0.51259 -1.11003 -0.60656 -1.14747 0.19823 -1.42974 -0.25540 -0.74054 -0.28890 0.91663 0.19243 -1.01265 -0.06220 -0.87508 -1.30303 1.69200 3.54160 0.96244 -0.05212 -1.03179 -0.96429 -1.00727 0.82319 0.43018
-1.66586 -2.65765 -0.01219 -0.92144 -1.59181 -0.13814 -1.38322 -2.28600 1.77915 0.46679 -1.15973 0.26920 0.10273 -0.21551 0.34330 0.03238 0.74167 0.46795 -1.66531 0.43899 -1.13435 0.52525 -1.58178 0.01220 0.84778 -1.67866 -1.93861 1.17506 0.64617 0.18869 -0.71621 -1.74702
0.54832 -1.10349 0.75618 -1.87881 -1.82197 -0.34506 -1.02822 -0.66713 -0.18908 -0.15424 1.97636 0.87446 -0.32094 -0.61496 0.53306 -0.39263 0.23098 0.51039 -0.74458 -0.18054 -0.03141 0.88061 -0.51777 0.04874 -0.07323 -0.77276 1.56222 1.55269 3.00044 1.95384 -1.60678 0.76970
2.32864 1.34868 -0.45630 1.36170 -0.55991 0.95269 -0.43394 0.14590 -0.52128 -0.27653 1.10091 -0.53628 -1.65182 0.41419 0.22819 0.04586 -0.65460 -1.25868 -1.30462 0.16395 -0.00300 0.04928 -0.33760 0.86549 -1.44769 0.82592 0.98831 1.13159 1.30352 0.66595 0.25563 -0.18169
0.53827 -1.03528 0.64859 0.49838 0.05480 0.47399 -0.79004 -0.98446 0.80054 0.25686 -0.34796 0.43295 -0.13327 0.41921 -0.50568 -0.03010 0.33237 -0.23141 0.71940 -0.49994 -0.15788 0.25727 0.08771 1.10648 0.30780 0.71109 -0.30244 0.06485 -1.22999 -0.38656 2.59508 -0.52836
0.66500 -0.07929 -1.78201 0.02713 -0.51513 -0.49193 0.62095 0.32491 -0.30965 0.40905 -0.27233 -0.50494 0.29017 0.11011 1.36307 -1.08714 -0.48377 -0.68878 -0.74927 -0.41416 -0.31979 -1.40465 -0.68563 0.89838 -1.44657 -0.77192 -0.34630 1.84591 0.15733 0.70854 -1.81964 0.02606
-0.48714 0.24963 -1.31802 -0.63217 -0.87838 1.76244 -0.40507 -2.21296 1.02571 -1.44299 0.60459 -0.34392 0.06172 0.28531 -1.32431 -2.59472 0.24654 -0.03968 1.33894 1.95068 2.94243 0.99994 0.46841 -0.83748 0.26890 -1.14765 -0.08820 -0.92076 1.25769 0.24470 0.91734 0.53005
0.33235 -0.07039 0.36344 0.40848 0.87750 -1.06527 -0.75085 0.20154 -0.90315 0.23714 -0.01211 0.23057 0.33187 0.53316 -2.70049 0.12954 -0.68303 -0.16008 1.35892 -0.76250 -0.77270 0.33828 -0.71698 2.44497 -0.70677 -0.44944 -1.11153 0.16404 0.01209 -0.16621 1.26225 0.65532
-1.21632 0.42852 0.51520 1.98758 2.06756 -1.17223 -1.68732 -0.39610 -0.42646 -1.52044 -1.38635 0.39245 -0.85172 -0.12439 -0.55981 -0.07433 -1.00565 0.61671 -2.26583 -0.48386 -0.07097 -0.49827 -1.61472 -2.05300 -0.63682 -0.25471 0.60041 1.37962 -0.56315 0.01199 -0.65055 -0.51840
0.40751 -1.16956 1.18504 1.27442 0.25155 0.19716 1.04335 0.17888 2.00578 1.13022 -1.21433 0.02699 -0.89879 0.53899 0.24027 0.29104 0.02986 2.30297 -1.24784 -2.70570 0.71948 0.11356 0.51937 0.57966 -0.59469 1.73513 1.56188 -0.24423 -0.07202 0.16939 -0.82938 -2.04142
-0.64527 0.27473 -0.46956 -0.42706 -0.16408 -0.28426 1.63302 -0.22157 0.32880 -0.44393 0.47765 -1.83545 0.00474 1.89068 -1.92661 -0.11612 0.70178 -1.39409 -0.39339 -0.80764 -0.06524 0.24592 0.66997 -0.40374 0.78585 0.52097 0.61667 0.61986 0.66891 0.64605 -0.16438 -1.04537
-1.63855 1.05887 1.17815 0.67822 -0.73497 0.00644 -1.24731 1.55673 1.54858 0.39439 1.63321 -0.97877 0.94541 -0.27195 -0.82523 -0.74792 -0.42738 -1.26504 0.18469 0.21767 -0.95406 -0.45032 -0.25997 -0.15296 1.06591 0.54911 -0.54435 -0.55836 -1.79383 0.42718 -1.17080 -0.15967
-1.25238 -0.11634 1.10242 -2.16709 1.71865 -1.02387 -0.00245 -0.11108 -0.76846 -1.29824 0.21098 -1.49302 -0.90872 -0.45176 0.12751 1.38856 0.85128 -1.59586 -0.26993 0.99935 0.60276 0.33227 -1.44757 -0.38796 -1.17292 -0.02649 0.41098 2.19359 -0.42553 -1.32658 1.16115 -0.36981
1.24751 0.22027 -2.35498 -0.07539 -0.68949 -1.49645 0.89327 0.70921 0.68073 -0.39850 0.42532 0.36042 1.35653 -0.53037 -0.74707 0.23581 -1.17235 -0.12571 0.02128 -0.43704 1.54559 1.01120 0.18450 -1.14107 -0.52449 -0.31780 0.41749 -0.49447 -1.29177 0.08556 -1.26834 1.03012
1.71547 0.68277 1.39345 -0.46699 0.94399 -0.49592 0.22968 1.25550 -0.37365 0.70589 -0.05404 -0.17373 0.11719 0.61388 -0.43836 0.65217 0.97496 1.26213 0.87145 -1.62838 0.32169 1.02143 -0.17586 0.83656 0.37741 2.31810 0.30090 -0.71958 0.96050 -0.29769 -0.67384 -1.85425
-0.32121 -1.87871 0.73060 -0.23969 2.25303 0.29907 -0.63411 0.95250 -1.23153 -1.08023 -0.01569 0.86737 0.16206 -1.52875 -0.14300 0.65120 -0.97271 -0.31854 1.47633 1.92167 -0.99361 2.98506 -0.53723 0.40771 -0.57395 0.04587 -1.00471 -1.56479 0.99597 0.82197 -0.41368 -0.94448
0.28032 -0.36714 0.05396 -0.25035 2.18283 -1.17274 1.99191 -2.16770 -1.24877 0.79727 1.42278 -0.05200 -0.42205 0.54785 -2.16142 0.72227 1.40340 -0.71438 -1.11489 1.07853 -0.41578 0.45238 0.21961 0.20244 0.64933 -0.04349 0.45441 -2.04474 0.14504 -0.61910 -1.00494 -0.16745
0.85883 0.09928 0.33415 -0.79509 1.32874 0.46910 0.94717 1.67476 0.52169 -1.27985 -0.13903 -1.57047 -0.84384 1.27496 -0.31793 -1.83518 -0.74399 -1.14677 -0.31289 0.19981 1.22247 -1.42906 -0.35469 1.28098 -0.36235 -1.98282 -0.73509 0.34789 -2.32675 -0.30453 -1.70108 0.55072
0.57228 -0.21828 0.41607 0.31575 0.83466 0.51002 -0.40685 0.53738 -0.30743 0.77330 -0.13135 -2.07785 1.01499 0.16725 -0.50902 -0.82719 -0.76922 -0.35193 0.84076 0.78742 -0.69510 1.23898 1.25532 -0.31563 -0.65688 0.05337 1.26892 -0.43868 0.35709 -0.17015 1.60138 -0.06114
0.72562 0.58947 -0.01446 1.36473 0.63181 1.47631 -0.41733 0.64797 0.62419 1.22874 -0.18981 -0.47941 -0.36458 0.92138 0.70506 -0.97456 1.52364 -1.68056 -1.00519 -0.32001 -0.72754 -1.24645 0.28690 0.72980 -0.25661 0.44555 2.26101 0.89375 0.52703 0.01609 0.11338 -0.68056
-0.18587 0.72470 -0.10428 0.23120 1.15290 -0.31019 -0.12117 -0.54279 0.02654 -0.24991 -0.42138 -0.64487 0.87540 0.56970 -0.84183 0.16747 -2.07838 0.09576 0.20339 -0.36729 -0.30499 0.84554 -0.51464 -0.73368 0.25585 -0.55714 0.00372 0.32407 0.69386 1.75856 0.72328 0.22300
-0.33601 -2.10140 0.78391 1.20663 -0.96891 1.26073 -0.69128 0.24944 -0.03661 0.16424 1.24157 0.05767 0.66256 0.38872 -2.45841 1.32449 0.70040 0.23904 0.66852 -0.13606 -0.11867 0.29773 0.10819 0.67640 -1.08033 1.55689 0.23865 0.99011 0.42946 -0.96890 2.17391 -1.39131
0.49491 -0.37910 1.16122 -1.33941 -1.86348 -0.03101 -0.77594 -1.39336 -0.04911 -1.38091 0.57005 -1.35854 0.24855 -0.49232 2.27431 0.08690 0.45918 0.94394 0.43500 1.44555 -0.11920 -0.19420 0.06917 -0.63869 -0.04022 0.43194 -0.58716 0.01868 0.44509 1.17039 1.28056 -1.01630
-0.59970 0.84402 1.99016 0.12921 0.22412 0.37795 -0.13179 -0.72474 -0.58045 0.38933 0.79183 -1.44207 -1.42150 -0.86938 1.42783 0.37974 -0.65439 -0.29526 -0.97794 1.00726 -1.45587 -2.05855 -1.63605 0.04652 -0.03823 0.63021 -0.64395 0.13534 1.02250 0.62568 -1.39484 -0.91534
0.16243 -0.70056 1.39169 0.96613 0.54199 0.25745 -0.35223 -1.52503 -1.08846 -0.34117 1.99995 -0.23464 -0.86675 -0.64282 -1.59464 -0.84750 -1.11244 -0.17407 0.13669 0.97687 -0.45064 1.70173 -0.35406 -0.13513 -1.28026 -0.95025 -0.00045 -0.62553 -0.26755 -1.29483 -0.05209 0.83821
-0.46555 -0.90566 0.53981 -0.12881 -0.41272 0.31337 0.33337 -1.41296 1.09367 -0.93257 -1.06451 1.13448 0.53408 -1.50213 1.49105 -0.89032 -0.81281 0.73489 -0.22114 1.03989 1.15026 0.23281 0.40606 -0.36009 -0.54687 0.50403 0.06690 -1.06658 0.36879 0.30976 -0.95822 1.19568
-0.76403 0.64128 1.13401 0.01774 -1.13312 0.62872 0.24031 0.40396 -0.10334 0.01959 0.83945 -1.25906 -0.36972 1.32477 1.42872 -0.52354 0.31298 -0.60280 0.15237 0.21561 0.66800 0.19097 -0.49553 -1.39096 -0.25324 -0.25096 2.05847 0.40879 0.17506 -1.74747 0.04136 0.08900
0.38018 -0.15426 -0.97352 -1.19125 0.36482 -0.96926 -0.95149 0.11763 -0.53315 0.46590 -0.30016 0.82333 1.79598 1.76677 0.55927 0.09073 -0.32271 0.55547 1.11641 -0.37249 1.69134 -0.00088 0.35439 1.31014 0.57734 0.91285 -0.99693 -3.32220 -0.77428 -1.89460 1.08413 0.39856
-3.18229 -0.04626 0.93552 -0.05807 -1.03672 1.00030 -0.06011 -0.89765 0.49440 0.54344 -0.08825 -0.72133 1.12266 1.61710 1.05665 0.95032 -2.32987 0.22752 1.08253 0.84545 -0.89183 0.54176 0.73197 1.05355 -0.70577 -0.79128 -0.68318 1.58331 0.77763 1.52595 -0.22789 -0.55907
2.05637 -0.53166 0.57402 -0.85327 0.42708 -0.41528 -0.20138 0.46485 0.01118 -1.39846 -0.73813 1.20041 0.07488 1.09159 -0.65364 -0.14391 -1.62520 -0.85953 1.40244 0.25943 -0.92691 -1.16612 0.34319 0.91283 -0.50030 0.03144 -2.15097 -1.72916 -0.80096 -1.50324 0.54225 -0.90331
0.50630 0.62382 0.96732 -0.76426 -0.89897 -0.60683 1.29659 0.92333 -1.06680 -0.47416 1.02411 0.36931 0.88894 1.08801 0.07973 -1.60162 -0.97142 -1.74750 2.20018 1.29011 0.82501 -2.24229 -1.75136 -1.75549 0.63152 -1.36878 1.51187 -0.75753 -0.41381 0.94076 0.28589 0.25836
1.17055 1.01893 -0.04039 -0.92867 0.86723 1.76230 -0.59510 -0.46534 -0.89598 0.64964 -0.39385 0.56219 0.15709 0.41184 -0.06383 0.12694 0.26636 0.41393 0.50107 -0.21683 0.27441 -0.38126 0.85429 -0.96109 1.51437 1.26472 0.56819 -2.28084 -1.08713 -1.29584 0.03103 -0.21001
0.24522 -0.60291 -0.93162 -0.41375 -0.84611 -0.96567 1.50912 0.71503 -0.00716 0.59203 -0.76079 1.68278 -0.08032 -1.48383 0.02974 -0.95449 1.52462 0.12922 0.63473 0.69625 -0.05332 0.09718 0.53531 0.07473 -0.57282 -0.83676 0.01885 0.38013 1.56043 -0.07814 -0.58060 -0.57364
0.31047 0.22047 0.26724 2.27855 -0.62813 -0.93924 0.77154 0.00936 1.39279 0.43430 1.00051 0.55823 0.23254 0.07797 -1.72771 0.96440 0.94306 -0.45079 -2.43601 0.86105 -0.17104 -1.50622 -1.54936 -0.96142 -0.00787 0.34607 -1.99218 -0.81628 -0.11131 0.58639 -0.76034 1.65166
-0.67737 0.51440 1.81914 1.13953 0.50346 0.79749 -0.56686 0.78964 -1.92525 1.44737 -0.04655 -0.96297 1.39329 0.99997 -0.54646 0.83963 -1.56426 -1.83636 -0.48353 -1.20180 -0.26801 0.27095 -1.40064 -0.86094 0.12027 0.28282 1.51140 -0.29370 0.69382 0.18664 -0.33819 1.81104
-0.17289 -0.32062 0.91523 -0.95437 0.39489 -1.27142 0.90764 1.26668 -0.71300 0.23381 0.13247 0.82813 0.24081 -0.35675 0.16039 0.92520 1.69517 -0.58944 0.96611 0.34252 -0.12241 0.30829 -0.15637 1.13995 -0.49880 -0.47424 1.01971 2.20769 0.45971 0.03753 -0.46731 -1.16210
-2.18014 0.12994 0.47387 -0.56497 -0.22963 1.57407 0.49745 1.11522 -0.40852 0.27083 -1.44754 0.84721 0.00237 -0.92470 1.64122 -0.16969 -1.35888 -0.23468 -0.50812 -0.38172 0.24040 0.60551 1.01588 1.59265 0.96962 -0.61093 -0.32020 0.10236 1.79719 1.04422 0.28729 -1.30780
-1.60847 1.87702 1.03683 -0.98573 0.39136 -0.09534 -0.85195 0.50108 1.88913 2.50587 1.27869 0.07628 0.54017 -0.03426 0.08794 -0.29690 1.56918 0.56842 -0.15734 0.28312 -0.36864 1.65227 0.89333 -0.41653 -0.72608 1.47909 0.58126 1.33016 -0.59489 0.67801 2.38127 -0.22794
-0.32424 2.07086 1.09684 0.75405 1.36125 0.60927 -2.22789 -0.36982 -0.69572 0.57104 -0.10783 1.34076 -0.79870 -0.14892 0.10923 -1.83247 -0.13753 0.60543 0.16158 -1.30780 -0.62913 -0.00214 -0.02398 -1.23042 -0.50300 -1.81433 1.23135 -0.38405 -0.85132 1.94589 0.46312 -0.49024
-0.24555 -3.32265 -1.39532 -0.22455 1.30364 0.58273 -0.81816 1.41186 -0.73781 -1.90275 0.00101 0.87143 0.47769 -0.57607 0.75518 0.15464 -0.96976 1.92435 0.06387 -1.16229 -0.59018 -0.72812 -0.28801 -1.54252 -1.76447 -0.97639 0.97727 0.25765 0.01321 -1.69696 -0.31059 -1.32854
2.80460 1.06511 0.23347 0.15170 -0.55347 0.78801 -0.29359 -0.24103 2.04761 -0.91004 0.63725 -0.76309 1.66315 -2.48375 0.03668 0.37033 -1.94004 2.03615 0.25395 0.76458 -0.20104 0.50296 0.88024 1.91818 -0.28411 -2.07063 -0.79948 -1.83946 -0.39176 0.05405 0.80405 1.18755
-1.37019 0.93371 -1.29581 -0.05285 1.40185 -0.67001 0.15885 1.25436 0.20324 0.92568 -0.08861 -0.23880 0.18384 0.07243 -0.11136 -0.58206 -0.76966 0.26829 -0.64868 0.21330 0.29072 -1.60279 1.57633 -0.90129 -0.32276 0.82426 0.34701 -0.45457 -0.71451 0.96825 1.16063 0.09953
-0.76490 1.33508 2.41738 0.30599 1.01532 -1.03736 -1.13044 -0.03757 0.03538 0.38086 -0.66134 1.15831 -0.07183 0.21622 0.21045 -1.38270 0.01565 1.04722 -0.65088 0.40483 -1.28673 -2.00247 1.11558 2.30309 -0.81090 -0.55538 0.57720 -0.40404 -1.30818 0.00624 -1.16110 1.93730
-1.14402 0.30236 -0.76740 -1.04055 1.07024 -1.51352 0.95898 -0.82984 -0.08732 -0.73942 3.07634 -0.27715 1.05257 -1.24641 -1.39317 -0.18208 -1.31511 2.25092 -0.18999 0.34922 -1.94886 0.28070 -0.54056 -1.43145 0.04176 0.12713 -1.19164 -0.78429 0.68858 -0.46724 -1.53938 -1.19531
2.35435 0.29847 1.20966 -0.09163 1.97608 -1.25044 1.90546 0.46362 -1.01723 -0.71664 -0.52013 0.50543 1.25410 0.77016 -1.46558 -0.02741 -1.09486 0.20728 0.90136 1.08846 -0.57625 -0.14537 -0.04932 0.27484 0.10084 -1.25888 0.63237 -0.21897 -1.19459 -1.62105 -0.98374 -0.40839
0.63427 0.43737 0.89542 0.50102 0.09052 -0.07878 0.19682 -0.19920 2.27456 0.68143 1.09228 -1.72419 0.04145 1.76386 0.04027 0.58497 0.40924 -0.63194 0.73787 -0.48395 -1.45626 -1.66986 0.74089 0.24240 -1.10063 1.34424 0.10073 1.24153 0.77236 -1.38599 -0.69507 -0.53969
-0.19492 -0.22537 0.88295 1.16513 -0.51021 -1.01323 -1.46435 -0.90596 -0.79731 -2.15865 1.23489 -0.79043 -0.17165 0.21502 0.35458 0.22371 0.30340 0.55546 1.03078 0.87787 -0.01663 0.05088 -0.25147 -2.17029 -1.03911 0.70730 -0.80128 0.37754 2.16884 0.89163 -0.14448 -2.48456
-0.62851 -0.13206 0.69109 -0.69790 0.58818 -1.19231 -0.69423 1.10448 0.55385 0.88733 -0.22326 1.95114 1.54114 0.38642 -1.00803 0.54303 0.33209 -0.62163 0.06745 0.89134 -0.21149 -0.08192 -0.86092 -1.50669 1.38368 -0.95225 0.78634 -0.92736 1.24566 -0.17129 -1.38408 0.27526
-0.56121 1.63207 -1.26711 0.61369 1.00602 1.45288 0.01784 0.81870 -0.44295 0.10197 -0.61685 0.49659 0.33839 -0.58609 -0.40320 -1.01620 -0.09192 -0.09813 -0.22118 -0.05986 0.33447 0.70840 -0.89510 2.08885 2.40913 -0.71757 -0.79135 1.17579 -1.51715 -1.04957 0.64019 3.37338
-0.35759 -0.91064 -0.44974 -0.46676 0.09905 1.03920 0.56275 0.21451 1.77909 -1.83885 1.45812 -1.19671 1.64770 1.02023 -0.72934 0.48614 0.36813 0.70846 -0.23266 1.78250 0.40178 -0.18593 0.62161 -0.79924 1.40759 2.15492 -1.20526 -0.41244 -0.86923 -0.32854 0.46713 0.45928
0.05390 1.88804 0.59031 -1.75299 1.24591 -0.95903 0.05575 -1.60881 -1.51679 1.43331 -0.49124 0.33007 1.24213 -0.26814 -0.28623 -0.18429 -0.05291 -0.46324 -1.52010 1.49101 -0.62248 1.10992 -0.62462 0.80907 -0.48675 -0.55781 -0.92457 -0.52798 1.74451 -1.03534 1.75572 -0.57972
0.65459 0.16783 -0.69637 -0.83505 2.22424 0.36325 0.91742 0.07005 -0.80801 -2.03795 0.57829 0.92730 -0.78142 -1.04265 -0.62187 0.82393 -0.70432 0.46355 0.44972 -0.54113 -0.98107 -0.05105 0.88780 -1.14731 0.49951 0.40404 -0.28057 0.94033 -0.58745 -0.75359 0.23593 0.49452
-0.20576 -2.17431 0.79053 1.76715 -0.48583 0.82257 -1.20794 0.04573 0.45121 0.87662 -0.08805 0.75103 -1.13194 -0.02850 0.97830 0.45901 -0.38731 0.84187 -0.02202 0.25379 2.54629 -0.23411 1.48347 1.15122 0.47625 0.55477 2.17196 0.58287 1.01059 0.41075 -1.63016 0.42560
-0.10505 1.41384 -1.45568 -0.00775 0.07827 0.21841 1.77262 -1.25182 -2.11560 -0.00090 -0.94905 1.08205 -0.77561 1.59158 -0.93437 -0.69545 0.95867 -0.68538 1.64301 1.64104 1.43376 -0.24112 0.74664 1.68232 -1.30436 1.11810 -1.57409 0.47571 -1.28205 0.74177 1.10369 -0.93734
-0.50851 0.83657 0.19708 1.96077 -1.28027 0.52940 -0.42830 -0.67670 -1.04925 0.16243 1.68632 0.22251 0.03966 -0.16019 -0.68024 -0.22741 -1.27708 0.31049 -0.99093 -1.43598 -0.37481 0.08407 0.00697 -0.30457 0.99761 -0.54880 0.03571 -1.53638 -0.17031 0.12600 0.90395 -0.11732
0.79863 -0.52138 -1.70191 -0.47932 -0.26813 -0.90608 -1.47335 -1.28869 -2.21323 -0.12490 0.79662 -0.44930 -0.25915 0.99161 -1.31105 -0.25161 0.23121 -0.79988 -0.14814 -0.24449 0.46876 0.25163 0.09636 -1.28825 -0.21710 1.84289 -0.21380 -1.44868 0.11211 0.98448 -1.61375 -0.79473
0.24500 -0.19008 0.34570 1.14610 -1.04401 -1.73883 0.92506 -0.45315 -1.01050 0.94095 -1.50799 1.57977 -1.73355 0.15608 -1.09033 -0.16185 -1.14123 -0.24028 -0.87238 -0.05134 0.28728 0.08182 0.05959 -0.21163 -1.20109 -0.10580 1.15896 -0.11880 0.06842 -0.02509 0.54449 0.80283
-0.43657 0.10552 -1.52083 0.39862 0.15268 -0.71843 0.85771 0.93510 -1.12499 -0.85241 -0.01009 -1.01873 1.64173 0.76940 0.01247 0.89571 -0.16033 -0.58406 -0.40902 0.56890 0.05870 0.16674 -0.05947 -1.43021 0.34991 -0.06123 -1.42262 -0.37859 0.15265 -0.20204 -0.42272 0.02093
0.53350 -0.90495 1.15624 0.33045 0.40304 -0.83973 -0.90303 -0.15695 0.68189 -1.12149 0.31466 -1.47280 -0.10283 0.06096 0.58451 0.05582 -0.51080 2.36689 -0.13099 -0.48775 -0.82373 -1.02676 0.45501 -0.38364 0.74924 -1.48161 0.69271 -0.14241 0.10503 0.33995 0.50917 -0.88822
-0.18921 0.10285 -0.69294 -0.37176 -0.98205 -0.47039 -1.42697 -1.10665 -1.85105 1.15452 -0.69571 1.45643 -0.70494 0.96551 0.09109 -1.25732 0.46098 -0.02201 -0.14356 0.91623 -0.64704 -0.22763 -0.49340 -0.01462 1.04755 -0.41059 -0.52713 0.09478 0.13476 0.06821 -0.01762 -0.82505
-0.81123 0.09786 1.02571 -0.14705 1.31020 0.46504 1.11376 0.06509 0.21649 -3.27059 1.39220 -0.05935 -0.22385 -1.56436 0.17691 -1.43988 1.13923 0.05444 0.99421 -1.83706 -1.34804 0.12422 0.16521 -0.53501 -0.60221 0.92846 -1.55716 -0.08076 1.05269 0.59723 -0.51813 -1.19128
-0.24605 -0.75432 0.04880 0.19474 1.16386 0.69217 -2.24163 0.07636 -0.26003 -1.79758 -0.83454 0.26976 0.44044 1.99629 0.92999 0.70863 1.88562 -0.06539 1.71651 -0.39538 -0.93547 -0.03417 1.02849 0.37973 0.13406 -0.23501 -0.71963 0.86843 1.81949 0.22053 0.37667 -0.46026
-0.32994 -0.06968 0.77200 1.14788 -0.78919 0.41949 -0.71639 -0.19129 -1.14509 -1.10630 1.39906 0.13331 0.49209 0.16023 -0.48118 -1.70253 -1.21367 0.43067 -0.70044 -0.85347 -0.91044 -0.89196 -1.60491 0.42589 -1.06447 -0.23000 1.18527 -1.60477 -0.33085 -2.49973 0.68763 0.39876
0.60887 -1.62547 -0.20377 -1.16683 0.05891 -0.74200 -0.62237 -0.37700 -1.13761 -0.43649 -0.88837 -0.94698 1.19342 -0.03223 0.04477 -0.64160 -0.14383 -0.05991 -1.64700 -0.01555 0.82315 1.48973 0.00633 -1.55634 -0.26722 0.79044 -0.80260 -0.34074 1.05041 -0.88296 1.57081 -0.01084
0.21676 0.93033 0.76062 0.31970 0.00936 0.45849 -0.99524 -0.13676 1.04378 -0.69392 3.51115 -1.13694 2.14769 -0.28826 0.32413 0.12163 0.53577 0.95319 -1.82047 1.33309 -1.82766 -0.36893 -0.84171 -0.79149 2.54537 0.41930 0.77920 -0.07806 -0.91071 -0.81977 0.72610 0.30201
-0.56079 0.11530 0.30317 -0.06891 0.60102 -1.66940 -1.47511 -0.66437 -1.87943 -0.32580 1.10906 -0.47600 0.37662 1.10468 -0.80316 0.16319 -0.22679 0.13147 -0.20911 -0.69410 0.17896 1.42315 -0.86153 -0.15962 0.77345 0.56880 0.94889 -0.19586 0.56613 -0.12197 -1.17801 -0.43320
-0.35274 -0.59866 -1.15447 -0.17435 -0.62360 -0.42404 -0.14684 -0.07565 -1.38693 -0.11975 -0.10354 0.32937 -0.36544 -1.52599 0.46464 2.35851 0.95975 0.00790 -0.48455 0.49642 -0.70018 -0.02517 -1.44548 0.72180 -0.16325 0.83043 -0.06870 -0.10241 -0.56166 1.88900 -1.21945 0.39281
0.32197 0.31117 1.95021 0.91647 1.09889 -0.24046 -0.16902 2.26112 -1.43855 -0.37871 -0.59859 -0.10665 -0.30728 -0.99198 -0.23450 0.49554 -1.08786 1.16367 0.35782 -1.19859 -0.88796 2.57440 -0.53465 0.12445 -0.93978 -0.32722 1.00618 0.46650 0.29443 0.56094 -0.94657 0.22444
-0.76455 -0.41906 1.58897 -0.11581 -1.34283 0.59739 -0.42572 -0.67894 -0.58201 -0.79925 -0.77837 -0.27363 -0.24478 1.72078 -1.53948 -0.35187 -0.53379 1.04864 1.58874 0.66226 -0.31318 2.12931 0.25308 -0.13160 2.15930 -2.22323 -0.94786 1.10867 -0.57602 -1.63025 0.38770 1.09908
-0.36591 0.09682 -0.56504 1.08001 1.26753 0.24322 0.51114 0.55152 -0.23197 0.89016 -0.56965 1.61658 0.14123 0.74710 0.14702 -1.22219 -1.29247 -2.07138 -0.59255 -0.28252 -0.64532 0.75549 -1.38775 2.00628 -2.44837 -0.82567 0.43976 -1.12925 0.28395 0.45063 -0.35244 -1.02521
1.87203 -1.03943 0.48877 -0.39008 -1.09223 0.58720 0.20045 -1.66738 0.53787 0.38021 -0.39883 -0.75685 0.35185 -0.60144 0.77672 -0.54962 -3.11455 1.19625 -0.22312 -0.17545 -0.08789 0.64782 -0.17927 0.55513 -0.45110 0.06849 0.15600 -0.48651 -0.34425 -0.35291 -1.45948 0.56135
1.80088 0.38859 -0.41452 -0.93216 2.07473 -0.88019 -0.82571 0.42762 -0.08264 -0.39882 0.95242 -1.40319 0.64978 0.95901 -1.31890 -1.68217 -0.11129 0.58897 0.36621 -1.62977 1.75543 -0.69342 -0.66461 -0.38107 -1.82547 1.13321 0.98518 1.14341 -1.06002 -0.51826 -1.11819 -0.96194
1.22675 -0.58012 -0.25473 0.36576 1.15312 -2.07070 0.33130 1.00374 2.41282 -0.51191 -1.09970 1.51148 -0.49263 -0.72826 0.09092 0.11730 -0.62658 0.25636 0.60908 -1.10295 -1.73551 -1.18657 0.82154 -0.81818 -1.33418 1.38214 0.17979 1.02705 -0.68720 -1.65393 -0.67237 0.39268
-0.31774 -0.11800 -1.39013 -0.69254 -0.41737 0.06787 1.16377 1.59360 0.56198 -1.18571 0.32586 2.49294 1.85886 -0.29612 -0.68701 -0.63143 1.20950 -0.51503 1.60460 2.08924 1.10049 0.27870 -0.58324 -1.09565 0.52776 -1.03072 0.84006 -0.38704 0.18769 0.89520 0.27827 1.15336
0.99752 -0.66623 -0.52713 -0.54054 0.19083 0.19473 0.96627 -0.30162 -0.29833 -0.27150 0.89724 0.26321 0.03139 -0.05560 -1.90425 1.36111 -1.28875 -1.78231 0.54774 0.48184 0.60467 0.11639 1.22244 -0.25118 0.57295 -0.51241 0.57073 -0.45385 0.05946 -0.09676 2.76456 -1.16552
-0.40270 0.09460 2.21783 -1.77930 1.06337 1.10518 0.11335 1.35045 -1.10442 -0.17131 0.10883 0.07865 -0.92822 1.18562 0.24202 -0.38403 0.05415 -0.50386 0.33099 -0.53556 -1.14905 1.14630 -0.42588 -1.03952 -1.36320 -0.86919 0.63026 -1.20637 0.60667 1.86306 0.90864 1.18187
-0.83951 0.76706 0.00186 -0.41677 1.26259 -0.75765 -1.73977 -0.06737 0.58163 0.80505 2.13758 -1.56510 -0.76689 -1.45461 1.54466 0.57434 -0.30692 -1.15484 -0.00127 0.98528 0.57710 1.21430 -0.73461 0.71548 -0.51787 -0.77716 -0.45361 -1.91025 0.98004 -0.35927 -0.13906 0.41928
-0.42349 0.55673 1.76571 -0.77176 0.16706 0.52584 -1.60967 0.44218 -1.69821 0.42654 -1.09426 0.07854 -0.80176 1.47617 -2.23082 -0.30736 -0.43982 1.24327 -1.50170 0.89566 -0.41271 0.87664 -0.45001 0.12279 -1.66855 -1.47781 -1.23809 0.41517 -0.09886 -0.93244 -0.19785 0.09495
0.94220 -0.37850 1.11412 -0.35070 0.19047 -0.03572 0.84758 -0.27249 -0.35910 0.43933 0.52198 -0.69191 -0.11435 1.41273 0.43677 0.10302 -0.27825 -0.75395 0.18011 -0.52768 -1.51144 -1.21616 -1.01077 1.24451 2.92807 3.10606 1.53809 0.82978 -0.97835 -0.19822 -0.79086 -0.53334
-1.04791 1.62182 0.78897 0.34314 -1.30553 -2.78151 -0.25772 0.45331 0.68109 0.63682 -0.69689 -0.41634 -0.99219 0.75142 -1.76991 1.14681 0.66137 -0.24514 -3.11808 -0.40938 -0.49441 -1.26467 -0.72188 0.13214 1.72129 0.37607 -0.34317 0.63383 0.56139 0.03025 -0.59614 -1.40790
0.56279 -1.74443 0.16107 0.49063 -0.49640 -0.27780 -0.29987 1.02513 1.67565 0.21299 -0.76272 -0.37792 -0.72370 0.20294 0.35527 -1.30866 -0.01277 1.60211 1.59344 0.77606 0.31170 -0.22008 0.23548 -1.67019 -0.83686 0.68204 -0.53610 -0.20893 -1.13780 -1.49524 -0.41586 -0.29103
-0.72968 -0.44952 -0.13068 -0.14775 0.13173 -0.57467 0.01885 -0.18892 -1.00709 -1.08349 -0.34582 -1.01777 -1.77722 -0.99703 0.11497 1.45758 0.97274 -0.69777 -1.08427 -1.19192 0.84687 0.31620 -0.36335 0.63274 1.71030 -1.40693 0.08172 1.50728 0.44446 -0.81967 -0.84501 -2.05224
0.82827 -0.32504 -1.76225 0.99847 -0.44286 -0.21582 -1.42421 0.74606 -1.95567 0.35427 0.08434 -0.89347 0.83800 0.34732 1.38370 1.03289 -1.19628 0.76829 0.63211 0.70913 -0.40019 0.21360 -0.14036 -1.37438 1.44710 -0.94891 -1.14075 1.63617 -0.16062 0.34164 -0.36065 -0.43585
-1.29996 -0.84101 -1.16651 -0.03860 -1.09893 -1.25495 -0.63879 2.80253 -0.31063 1.00483 0.19552 0.39491 -0.20350 0.99854 0.32040 -0.86151 1.71289 -1.04650 0.40787 0.20385 -0.13921 -0.93875 -0.05290 1.58240 0.62489 -0.48550 -0.22946 -0.26605 -0.39456 -0.41136 -0.17028 -0.87033
-0.18638 1.21368 -0.08145 0.10720 -1.62181 -0.58252 0.80706 0.40781 0.17368 0.56725 0.65501 -2.33374 0.42491 -0.16436 0.13433 1.29075 -1.50512 0.67197 -0.18031 0.69317 0.71344 0.04376 0.34520 0.76764 -0.64265 -1.33477 -0.51320 0.28908 0.22919 -2.27436 0.01854 1.17448
-0.60020 -0.28634 1.50940 -1.32347 -0.56203 -0.53727 0.68948 1.05233 -0.27255 -0.16802 0.55843 -1.75166 0.24534 -0.95998 0.49371 0.46741 -0.47167 0.23368 1.16479 2.90396 0.27749 1.02072 0.47509 0.75525 -0.45832 1.19951 2.47843 -0.43155 0.84041 0.02110 -0.24269 -0.29651
1.50614 -0.89165 -0.68823 0.94377 0.31858 -0.76497 -1.47646 -0.73524 0.24784 -0.58008 0.05420 -0.88604 -1.15535 -0.03152 1.92944 -0.27711 -0.90237 2.15089 -1.15155 -1.39953 -0.01560 -1.89135 0.68577 1.46361 0.15377 -0.35829 0.97532 -0.05796 0.49055 -2.32349 0.39742 -1.29211
-1.73104 -0.26216 -1.93897 0.84462 -0.98076 -0.11913 -0.21094 -0.05288 -1.82740 0.72224 -1.16592 -1.82400 -2.19982 -0.00143 -0.41588 0.07210 -0.80386 0.43435 0.22862 0.41710 -0.59997 1.60234 0.56265 -1.37703 -0.96538 -0.21818 0.64294 1.97370 -0.24919 1.55524 1.65451 0.12418
1.66504 -0.52648 0.52572 -0.49931 1.82815 -0.37313 0.86015 1.67863 -0.71034 0.29207 0.70145 0.42109 -1.07248 0.17678 -0.77720 -1.25243 -1.43175 -0.50894 0.10306 0.67970 0.33821 -0.06501 0.61326 -0.45748 0.71305 -0.49096 -0.62981 -0.43098 0.13908 0.31261 1.39305 -0.32084
0.16886 1.55920 0.98680 0.41613 1.81008 0.14242 2.54862 2.62233 0.23057 -0.28556 -1.13957 0.60523 1.20356 0.90346 -0.85886 -0.89093 -0.07046 -2.36262 0.59675 -0.70614 -0.39894 -0.74505 -0.17927 0.18101 -1.67940 -0.02966 0.41132 1.22439 0.62586 -0.38691 -1.44032 0.60401
0.65183 -0.64869 0.90415 -1.52811 0.11646 0.58851 -1.65018 -0.06067 -0.18394 0.52188 -1.44493 0.92604 -0.09394 -1.49133 -0.04038 -1.59947 0.05018 1.60502 -0.41239 -0.71157 0.84231 1.95491 -0.56329 0.31995 -0.61509 -0.64547 0.56170 -0.11144 0.21840 -0.51794 -0.10580 -1.98000
-1.33470 -0.49464 -0.59678 0.89044 0.54819 -0.34577 0.85225 1.03899 0.39647 0.48365 -0.38068 -0.54957 0.65770 -1.27326 0.66587 -1.12102 -0.20881 -0.14060 1.09200 -0.85469 -1.26307 -1.11822 0.45533 1.33073 -1.48856 -0.38560 -1.99432 1.58156 1.93812 0.57559 0.00211 -0.35246
-1.71676 -1.13582 0.04705 0.69465 0.56795 -0.60241 -1.64671 1.19315 -2.40994 0.54518 -1.23237 0.06036 0.15285 1.78766 -0.33138 -0.04896 0.59452 -0.24048 0.74997 1.17818 0.74277 0.05868 0.67274 -1.01800 0.42063 0.55721 0.04888 0.19290 -0.91983 -0.58845 -0.73911 -0.27758
-0.02030 -1.66315 0.56041 -0.05111 -0.46615 -0.59331 0.67626 -0.59540 0.03844 1.09387 -1.85685 -0.32221 0.72676 -0.70334 -0.71649 1.49829 0.68895 0.07557 -1.18356 1.57970 -0.12602 0.62934 -0.52693 -0.04311 -0.87879 0.06675 1.21933 0.42988 -2.17522 -2.63672 1.62178 3.10722
0.06697 -0.02704 0.17617 -0.61967 0.00903 -0.11720 0.00054 0.04799 2.52220 -1.20602 -0.55434 1.22465 0.21360 -0.20780 -0.68648 -0.37914 -0.04838 -0.21434 0.48418 0.62349 -0.42881 0.19411 -1.00320 -0.47268 0.37914 1.71353 -0.48642 2.10067 -0.99782 -1.53134 0.52342 1.52389
0.10560 -1.44744 -0.48349 -0.54437 0.11526 0.79587 -0.28824 0.08384 -0.93983 1.25486 -0.63416 -0.44386 -0.47675 -0.19055 -0.07183 1.31354 -0.83684 0.83686 -0.59870 1.21153 0.68154 -0.10913 -0.18939 1.15053 0.46205 0.62712 -0.63637 0.10438 -0.29589 -1.63458 -0.42357 1.86618
-1.51178 0.34491 -0.60197 1.74683 0.62444 0.30909 0.47045 0.08686 0.45281 0.17357 -1.02807 -0.47937 1.09252 0.36199 -0.93674 -0.31926 1.00813 1.20191 0.53186 0.96847 0.34763 -0.80288 1.56716 -0.81933 -0.11305 -1.39342 0.83344 -1.73527 0.51570 -0.68324 0.25546 -0.52430
-1.27006 1.85271 0.70042 0.07550 0.36563 -1.67627 -0.28483 1.06811 -0.88217 0.09944 -0.67715 0.60622 -0.75619 1.09548 1.05140 -1.87257 0.25435 0.33987 1.85099 1.83957 -0.11417 -1.46850 -0.92270 0.27173 1.14567 0.04535 1.84919 -2.20918 0.19706 0.17574 -0.49857 -0.71388
0.08125 0.19714 -0.88229 -1.41117 0.47092 -3.04809 -1.15146 0.10990 -0.79807 -1.02082 -0.15164 0.05355 -1.11088 -0.46829 0.05783 -0.51063 -1.67615 -0.93455 1.34382 -0.80300 -0.62156 -0.58039 1.42624 -1.62992 0.40461 -0.72919 1.20297 -0.89775 -0.53477 1.88038 1.21979 0.04385
0.95079 -0.61073 -0.49314 -0.79719 0.56105 1.51254 0.66961 -0.99135 -1.53941 -0.27756 1.68970 0.41878 -0.67963 1.87629 -0.12809 -2.01250 -0.48310 -1.69657 0.51940 0.42245 -0.35971 -2.54863 -0.43094 -0.41991 -0.01176 0.51971 1.35525 -0.95624 0.40261 -1.62678 0.36043 0.51368
-0.32369 -0.31451 -0.56185 1.41800 0.32291 1.32318 -0.11836 -0.40748 0.05980 -2.23426 -1.38405 2.02795 0.40925 -0.22855 -0.73602 0.35714 -2.58228 -0.70816 -0.68781 -0.80280 0.26969 -2.00774 -1.52019 0.12532 -0.16949 0.11682 -0.90833 1.33783 0.18842 -0.57548 -1.55111 0.83438
1.79059 0.56996 1.81253 0.45538 -0.11660 -0.64909 1.11676 -0.42637 -0.93500 -0.89910 1.20912 -0.99205 0.83525 -0.94377 1.65838 -1.31099 -0.90273 2.65261 1.63476 0.55671 0.13140 -0.61772 0.44478 -0.50823 -0.53883 0.09333 -2.71147 1.20321 0.47024 -0.82709 -1.13021 -0.80110
0.31142 3.01237 -1.62486 -1.30707 -0.49935 0.62656 0.52564 2.08218 0.36456 -1.68165 -0.03644 -1.74676 0.02505 0.27728 -0.28349 0.49932 0.58568 2.20821 -0.68940 -0.01751 -0.50810 1.67071 -0.74178 -0.26770 -0.78721 0.99736 0.34369 -0.84128 0.70499 -1.03581 -0.47565 -0.99063
1.09817 -1.24701 -0.62938 -0.98674 0.59525 -0.95782 1.05754 -1.22111 -0.20634 -1.18029 -0.87150 -0.40804 0.45104 0.97376 -1.72278 -1.69126 -0.83957 1.00697 -0.42689 -0.77533 -0.61092 1.00454 -0.87166 -0.43112 1.91174 -1.06119 1.32265 0.79953 0.05970 1.01956 -0.51380 0.56059
-0.83090 -0.23577 -0.06711 2.68991 -1.94953 2.26197 -0.45699 0.53412 0.23276 -0.47390 1.83201 0.11866 1.79855 -0.44405 -0.97717 -0.66051 -1.42253 -0.73854 1.00451 -0.64153 0.72318 -0.94939 -0.41656 -0.78158 1.74109 0.93563 0.92257 0.55971 -0.55166 0.06503 0.45630 -0.47380
-0.57405 0.32516 -2.03094 -0.28366 -1.46840 -0.45901 -0.72250 0.64440 1.80275 2.41130 1.24680 0.64568 0.13590 -0.84494 0.77457 -0.88709 0.40757 -2.46555 0.00913 -0.93282 -0.45209 0.98388 0.09044 -0.10835 -0.97161 0.00144 1.61131 1.02893 1.04767 0.38727 1.14784 0.72548
-2.55925 -0.15407 0.98461 0.32990 -0.04931 0.17382 -0.34031 -0.36696 0.10885 -2.39375 1.39153 -2.45248 -0.06586 0.55880 1.61185 -1.83603 0.82911 0.16418 -0.14226 -1.52242 -1.22861 0.90700 0.11525 -1.95223 -0.08341 0.31736 0.77297 0.11390 1.02674 -0.97664 0.07886 0.72945
1.60078 0.93940 -1.36008 2.61914 0.64063 0.92256 -0.61892 -0.80995 1.41146 2.44078 1.31672 -1.85474 -0.00419 -1.03352 -0.96656 0.12147 0.05396 -0.24009 0.41941 0.09063 0.02572 0.05282 0.48118 -0.22150 -0.68138 0.71385 -0.52169 1.05140 -0.03667 -0.42853 -0.70603 -0.10424
0.56738 0.98693 1.25133 -0.65498 -0.92079 0.69414 0.32542 3.11956 0.14459 -0.20612 -0.66008 -0.14555 1.92433 -0.69277 -0.03035 -0.92300 0.13040 -1.19154 -0.84179 0.21050 -0.55281 -0.66993 0.44352 -0.14788 0.10651 0.96226 2.25485 -0.65642 -0.47175 0.06613 0.15335 -0.44921
0.44633 0.10216 -0.28259 -1.46281 1.50256 0.30693 1.14439 -0.80432 -1.53726 -2.18801 0.28387 1.19013 0.04715 -0.96283 -0.86090 -0.22785 -0.16557 -1.27558 -0.17114 1.33115 -2.58774 0.24848 1.58814 0.04597 0.31761 1.47602 -0.36803 -1.68756 0.01931 -0.10838 -2.31549 -0.19811
0.19822 -0.31476 0.30012 0.31731 2.12909 -0.24801 -1.01210 0.22081 -1.29447 -0.87101 -0.90339 0.61082 0.71783 -0.94589 -0.06378 -1.13293 -0.33489 0.24413 0.15967 0.34600 -0.29727 0.50681 -1.32111 -0.10318 2.08145 0.99806 0.08120 0.48485 -0.26332 -0.64109 1.86261 -0.52452
0.12388 1.00593 0.46220 0.24805 -1.59066 0.66282 -1.09480 -0.80490 0.18925 -0.33759 0.05305 0.65097 -0.71112 -0.89620 -0.07185 -0.74788 -0.06305 -0.08651 -0.91827 0.96161 -0.32321 -1.66165 -1.25084 -1.21502 -0.84607 0.18391 -1.17497 -0.81790 -0.79303 -0.38509 -1.06050 0.43941
0.23568 0.70911 -1.53755 -1.03916 0.25731 -0.66527 0.14917 0.41619 -0.25727 -0.14239 1.70893 0.32834 -3.01817 -0.50954 2.31594 1.55963 -0.73321 0.18956 0.02679 0.37951 0.44617 -1.09113 0.58880 -0.58287 0.36778 -0.50842 0.39042 1.02306 -0.92319 1.28706 0.02152 0.47035
-0.77861 1.38070 0.50043 -0.65125 -1.08061 1.00749 0.43168 -1.26323 -1.06164 0.64395 0.00006 -0.35820 -0.39219 -0.59756 0.71692 -0.16609 0.70572 -1.09492 0.57371 1.11556 0.79437 -0.10094 0.13621 0.03739 0.91117 0.76746 -0.38442 -0.63286 -1.28812 -0.12078 1.24446 0.10504
0.02793 1.75532 -0.46037 -0.52022 -1.71720 -0.49813 0.69310 -1.31366 -0.50634 0.08453 -0.91410 0.72295 0.20343 -0.43172 0.43385 -0.43948 0.39429 -1.26870 -0.15971 -0.23341 1.51783 0.04477 -1.89578 0.73909 -0.09988 0.39778 -0.45954 -0.06752 -0.32867 0.35918 -0.49673 0.95287
-0.26496 -2.39451 -0.66321 -0.14333 -0.55171 -0.72049 1.08877 0.34618 -1.60771 1.57845 0.01054 0.32980 -1.34225 -0.85172 -0.77518 -1.00383 0.20890 -1.09949 -0.76655 0.46851 -1.59005 0.03674 -2.67144 0.81678 1.31822 -0.06372 0.79579 0.58611 1.38531 -0.59568 -0.20139 -0.06318
0.64594 0.60182 -0.14443 0.02675 -0.22142 0.36979 -0.81994 0.51705 -1.26026 0.22474 0.51593 -0.77354 -0.59975 -1.36780 -0.48416 0.19967 1.13824 -0.03918 0.05561 -0.24994 0.67882 -0.09795 -2.39831 0.23970 0.83463 -0.33783 -0.03187 2.91978 -1.04426 0.62535 1.90087 -0.79420
-0.65353 1.81967 0.80286 1.40522 -1.80453 0.43710 0.27375 1.13541 -1.39824 0.98265 0.41609 -1.04503 -0.20539 0.71183 -0.00312 -0.52093 0.57775 1.21291 -0.58182 -0.19466 0.50920 -1.92394 2.30288 -0.64886 0.62949 0.16343 -0.42012 -1.44028 1.65321 -0.41152 0.98602 -1.13662
-1.45345 0.14950 0.90183 0.00125 -0.54969 -0.66018 1.14558 0.78183 0.27814 -0.03052 0.31922 -0.40294 0.17309 -0.05452 -1.50182 0.14468 0.10326 1.37277 -0.54998 1.16307 1.95542 -0.45577 -1.36330 0.23502 -1.53738 -0.94481 -0.87329 0.56421 -0.05027 -0.38728 1.78298 -0.53058
1.17443 -0.79738 0.47223 -0.66223 0.60591 0.09229 0.63400 -0.24339 1.51864 1.23735 -0.01955 1.15970 0.50130 0.69410 2.48127 -0.66413 0.80561 -1.62419 -0.62954 0.09476 -0.54801 1.12120 0.13362 -1.30183 1.37137 0.61388 1.02833 -0.42869 -0.23316 1.21635 0.25132 0.33495
0.99293 0.24596 0.73236 -0.38730 1.14010 0.04675 -0.84576 0.59206 1.23110 0.93263 0.39118 0.06878 0.85285 1.93024 -0.82314 1.06272 -1.60882 0.32158 -1.46377 1.67062 0.26460 -0.96707 -1.01599 -1.01521 0.59311 2.07002 -0.46718 0.36370 0.57266 -1.25884 -0.81296 0.24247
-0.11649 0.36727 -0.11643 0.22661 -0.33365 1.74900 -0.14607 -0.28688 -0.15147 0.46125 0.33787 -2.62024 0.41245 1.15503 -1.39379 1.23979 -0.09035 -1.56346 0.76851 0.46337 1.67091 1.48127 -0.52669 -0.55661 0.62995 -0.25078 -1.59333 1.69190 1.25538 0.44688 -0.29455 -1.51010
-0.78597 0.74843 -1.28936 -1.61136 0.52076 0.47287 -0.00438 -0.39301 -1.80709 -2.45787 -0.65806 -1.85099 -0.89299 -1.71537 -0.55298 -0.49585 -0.00539 1.28264 0.80721 1.86380 -0.93168 -0.42395 1.49875 -0.73246 0.40523 -0.32683 1.13250 -0.30652 1.00363 0.67945 -0.31345 -0.41800
2.15669 -1.50670 0.83318 0.22067 0.44545 0.99734 0.08718 1.16643 -0.83941 2.29544 1.03150 -0.32738 0.22550 0.39269 0.80471 -0.51461 -0.55340 -1.17061 -1.13691 -0.87123 0.99904 -0.61050 0.35439 -1.08589 -0.68747 -2.44510 0.02735 -0.72476 -0.67600 -0.74488 0.48443 0.10188
-0.90781 -0.98595 0.47108 -0.49731 1.48921 1.32074 1.05740 0.97582 0.43807 -0.73484 -0.35796 -0.87099 -0.18781 -0.05901 3.72337 1.47069 -1.03095 0.30290 1.86825 -0.27251 0.81288 -0.41900 -0.22976 0.09195 -2.23530 0.25149 0.89562 -0.08339 0.73850 1.45222 0.42276 -1.68886
-0.27586 -0.58700 -0.35064 0.27455 -1.82813 -0.09618 1.28202 -0.80002 0.70191 -0.34367 -1.42839 -0.26903 0.07146 -1.12940 0.08080 -1.24651 -1.64425 0.22782 2.07061 0.13184 -0.01764 -0.93406 0.77286 0.05638 0.66791 0.69419 0.69537 2.86354 0.29446 1.69024 -1.79625 -0.35181
-0.44077 0.28960 -1.03223 0.51843 0.45947 1.34080 -0.57686 -1.43519 -0.63241 0.53398 0.69191 -0.59450 -0.74435 -0.04244 -0.38762 -0.11368 -2.47811 -0.35824 -0.04252 0.76906 -0.63706 -0.32800 0.91409 -0.63213 -1.43162 0.53510 -0.05618 -1.84397 0.17819 1.19097 -1.67885 0.49991
1.02218 2.26246 0.78811 -1.76843 -0.55889 0.49184 -0.21953 -0.51389 -0.11904 1.36390 1.46300 0.32155 1.15609 0.02009 -0.75800 -1.22939 0.71526 -0.17879 -1.48467 0.72802 0.74160 3.04641 -0.73207 0.15541 0.65068 0.69826 0.25041 0.42166 -1.71380 0.30407 -0.20642 -0.82988
0.78055 0.11852 -0.13617 0.15862 0.60700 1.52891 -0.74439 0.95594 -1.12221 -0.58064 -1.45349 0.55105 -0.44644 -0.93194 0.83711 -0.41149 1.30974 0.04137 -0.59097 0.20174 -0.59650 -1.08004 -0.34977 1.20856 -0.23708 0.02421 1.13247 -0.10405 -1.38716 -2.04092 0.37867 -1.21386
1.32489 -0.50366 0.26262 -0.24549 -0.23052 1.01049 1.07649 -0.07426 0.14034 0.50465 -0.66027 -0.02758 0.53670 -0.81949 -0.98755 -0.94391 -0.53230 -0.95471 1.71709 -2.15553 1.67005 -0.45851 0.02072 -0.89268 0.37646 0.20157 -0.13155 -1.12832 0.65073 0.16004 0.18712 -1.11294
-0.84446 1.51815 0.32875 0.98807 -1.61786 -2.22761 -0.12596 0.28329 0.64786 0.43080 0.20695 0.63815 -0.01978 0.63564 0.30552 0.80657 0.23224 -0.53031 -0.06291 -1.88179 -0.59149 -0.05438 0.51166 0.04522 -0.01616 -0.91346 -0.49627 -1.00303 0.29127 -0.68957 0.20750 0.39310
-0.55089 -0.61920 0.13301 -0.56375 -1.11247 -1.05047 0.05106 0.49168 -0.65755 -0.55350 1.42510 -0.69524 -1.62272 -0.62340 0.21323 0.83542 -0.34732 0.55604 0.46268 2.66310 0.73871 -0.23527 0.30895 0.21099 -0.19288 -0.44234 1.94981 1.26841 0.68710 0.53522 -1.33924 0.11891
-1.02132 -1.70127 -0.21172 0.43940 1.88351 -0.64658 0.88082 -1.86897 0.81081 -1.31644 0.24775 -0.21409 -1.28703 -0.41436 -0.01477 -0.75048 0.19370 0.21877 -1.38163 0.42674 1.72457 -1.56472 0.26221 -0.16067 0.51347 0.76705 0.01716 1.15458 -1.17649 -0.55463 -1.43297 1.66013
-0.75641 2.23153 0.07174 -1.36693 -1.77268 -1.72121 1.36116 -1.24762 0.00467 -1.79299 -0.52637 0.08821 0.93467 -0.29119 -0.16147 -2.05934 0.62270 -0.11262 -0.14517 -0.34224 1.20011 0.13862 1.73417 1.05512 0.41018 0.21785 -0.54193 0.27750 -1.28855 -0.92983 -0.16225 0.73930
0.49005 0.01924 2.12764 0.80471 0.41576 -0.49572 -1.08683 -0.19632 1.98765 -0.68719 -2.05893 -0.84817 -2.20473 -0.66922 -0.26579 0.67334 -1.44947 -0.10408 1.05922 -0.88098 -0.15946 0.50720 -0.20053 1.02789 -1.94571 -0.61231 -0.41891 0.52391 -1.11839 0.25411 1.18704 0.66572
0.61855 0.52578 -0.64031 -1.84360 0.33651 -0.12047 0.21545 0.19008 -1.14426 2.24334 -0.75771 -0.45848 0.83516 0.38321 -0.46195 -2.04918 0.70859 0.73171 -0.51466 0.52077 0.67193 -1.29119 0.62598 0.29843 -0.25915 -0.70554 -0.14182 0.30871 -0.72644 0.59365 1.34663 -0.69263
-0.41056 0.91945 -1.21871 0.50864 0.76488 -0.87931 -0.29201 0.72086 -0.00513 -0.42512 0.86160 0.77204 0.35223 -1.39832 0.19725 -0.61634 0.57873 0.37622 0.48472 -0.95110 -1.25033 -0.72046 0.11125 0.90999 -0.46520 1.30926 -1.46156 -0.37888 -1.05055 0.49257 1.20417 -0.10527
0.04131 2.02607 -1.24685 0.37991 0.02264 0.39894 -1.36585 -0.54928 1.47019 -1.24189 -0.99748 1.67346 -1.11176 -0.19967 0.07474 1.25531 1.13349 0.70243 1.01591 -0.93416 1.06749 -0.26049 0.23977 -0.19293 -0.19445 1.47461 -0.44407 0.14189 -0.53532 0.50448 0.36796 -0.64790
-0.13375 0.34700 2.58920 0.77880 0.96098 -1.71219 -0.95736 0.12900 -1.91878 -2.16688 1.22651 0.46909 -0.92454 0.44774 -0.19893 -1.20209 1.34909 0.70624 0.67243 -0.09123 -1.43983 -2.80568 0.80999 2.43179 -0.24217 0.58690 1.71428 1.70170 0.31079 0.08974 1.12902 -0.89322
2.11937 0.06530 -2.10150 0.44950 0.54533 -0.37235 0.76730 -0.17575 0.13312 -0.43653 -0.20934 -1.52543 0.73827 0.73349 1.28988 -0.17145 -0.83359 1.39766 -0.55879 -1.64143 -0.49773 0.83358 1.19615 1.03816 0.12727 -0.85410 -0.10368 1.13290 -0.66848 0.34546 1.16736 1.01525
0.64908 0.67286 -2.01313 1.90874 -0.30913 -0.11214 -1.10123 1.12527 0.26529 0.68034 -0.42178 -0.08846 0.07737 -0.24277 -1.97771 0.24369 0.95888 0.27463 2.52473 -0.80559 0.78226 0.58638 0.94359 0.39851 -0.35221 -0.11329 0.62235 1.05305 -0.96597 -0.53983 1.46379 0.74521
0.91720 0.25740 -1.33167 -1.34761 0.58692 -0.63688 -0.71687 -0.83961 1.79254 0.36002 0.11344 -1.04586 1.78462 1.28539 1.14883 -1.73383 -0.42253 2.27723 -0.00556 0.51201 -0.05575 1.61496 0.69100 0.82110 -0.06776 -0.29808 -0.17222 -1.11448 -0.02742 0.23160 1.16342 1.19504
-0.42751 -0.90920 -0.58432 0.75052 -1.38885 0.26608 0.88897 0.40073 -0.95518 -0.38020 1.20772 0.48793 -0.51359 2.49228 0.98538 0.17064 -0.72058 -0.61961 0.75076 0.91744 -0.67645 0.91101 0.23391 0.64781 1.35321 -1.07519 -2.17173 -0.68288 1.10640 0.72259 0.66684 0.25845
-2.41707 -1.17166 1.25951 1.02413 -1.44232 0.38689 1.12413 -1.05970 2.32820 1.52921 1.35307 -0.58632 -1.57292 1.26464 0.50490 -1.25210 -0.64180 -1.55022 -1.48027 -0.15010 1.50700 0.86439 -0.59437 -0.51844 -0.74443 1.76889 0.55689 0.97899 -1.29139 -0.27918 -0.72933 0.02034
1.20545 -0.57194 -0.87083 -0.12549 0.74714 0.37646 1.05896 -0.75867 -0.79579 0.26651 0.25100 -0.29976 0.92421 0.37407 -0.19630 1.31438 0.58621 -1.91279 0.20021 -0.71743 -0.67236 0.90739 -0.97310 -0.04856 -0.05092 -0.60653 -1.56481 1.45949 -1.33234 -1.98881 -1.87196 0.71769
-0.63073 0.01922 1.05696 -1.05360 0.09017 -0.63173 -0.42730 -0.27556 -1.49795 -0.60150 1.39648 -0.80449 -0.24793 0.88012 0.65423 -0.41305 0.40665 0.29675 0.09865 0.36560 0.88439 0.38595 0.56059 0.07483 1.53359 1.03311 0.73322 1.14986 -0.19253 -0.27697 -0.14250 -0.51020
0.41095 -0.65215 -0.44105 -0.09047 -0.87979 -0.35883 -0.04777 -0.93787 1.09446 0.57497 -1.01586 -0.56602 -0.87840 1.28440 -0.36485 0.75169 0.83655 0.99331 1.14931 -0.58454 0.53417 0.46595 0.02632 -0.73311 -1.33131 -1.68291 0.07131 0.57694 1.49018 -0.86922 -0.59739 -0.83063
-0.13575 -0.69932 0.68460 0.93243 0.54210 -1.39974 -0.43851 1.05284 2.18002 1.03444 -0.23719 -0.42878 0.64179 -0.79382 -0.00769 -0.19014 0.01952 1.05583 -0.20852 -0.94387 0.32535 -0.21277 0.74791 2.99245 -1.98620 0.45274 -2.24386 0.94439 -1.93083 1.29724 0.76397 0.04170
-0.35698 1.04809 0.26937 0.86870 -1.53826 -0.46439 1.93258 0.76185 -0.87961 1.00838 1.45014 0.49976 -2.64627 1.28132 -0.93101 0.04351 0.69926 1.29940 -0.60069 -1.02845 0.92300 1.91827 -0.62566 -1.34866 0.17114 -0.46295 0.89682 -1.56454 -0.76758 0.81466 0.92275 -1.48568
0.16392 1.27801 1.00196 0.05701 1.13364 0.18857 -0.31024 1.12251 0.67937 1.45999 1.13215 -1.81335 0.82215 -0.02155 -0.65830 0.26028 0.16719 -0.05087 1.10943 -0.06329 -0.91526 0.60758 0.99835 -0.58930 -0.00344 0.47901 -1.25498 0.50506 -1.62046 -0.51476 -0.08261 -0.94962
0.39534 0.48848 -1.83066 -0.70034 -0.12960 -0.47751 0.28525 0.52779 0.35424 -0.21763 -1.14520 0.89013 -0.69775 0.36984 -0.05464 0.91555 -1.55203 -0.41714 -0.69094 -0.73391 -0.33573 -1.40147 0.73259 -0.21296 -0.43738 -1.08182 2.50901 -0.70417 -1.02111 -0.40729 -1.11526 0.10259
-0.92565 -0.51185 0.99241 0.61295 0.48395 -0.70344 -0.11506 -0.49386 1.26086 -1.31742 0.81195 0.05083 0.39535 -1.97979 -0.44272 -1.34613 0.38045 -0.86565 -0.58839 -0.78271 -0.42418 1.19936 0.07613 0.70033 -0.74517 0.14065 0.85367 -0.73666 -0.58223 -0.37226 0.15737 1.68175
-0.74663 0.53686 -0.25137 -0.44054 -2.64083 1.33323 0.30826 -0.62576 0.50194 0.42323 0.65289 -0.76865 -1.10554 -0.35456 0.46920 -0.19791 -0.97425 -0.17495 -2.15948 -1.42314 1.23840 -0.63379 -1.74984 -0.15199 0.91362 0.86637 -0.42367 0.96424 0.62410 -1.60261 1.12773 0.39463
-2.35085 1.60016 -0.39043 -0.79535 0.23933 -0.75483 1.36842 -0.67059 -2.52639 0.32968 1.06460 -0.13879 -0.70054 0.83495 1.04162 1.59087 -0.97320 -0.20792 0.27338 1.37155 0.62403 1.73031 2.44408 0.23615 0.23156 0.30963 -1.16237 -0.68296 -0.72769 -1.17997 -0.05173 -1.12425
0.13045 1.29538 0.48498 0.09992 0.73416 -0.34247 -1.17243 -2.21244 -0.06925 0.25976 1.32316 -1.81751 0.57450 -0.19715 -2.17208 1.63527 -1.83629 -0.46780 0.14156 0.65781 -1.31769 0.22921 -0.15142 -0.45332 0.43246 1.56228 0.36752 -0.54286 -1.81470 -0.14220 -0.83200 0.77300
1.21908 0.23333 1.15203 -2.13155 -0.52966 0.08927 -0.32980 2.06253 1.02029 0.04749 0.12689 -0.57185 0.87503 -1.04932 2.01477 -1.85959 0.41400 -1.26621 -0.37596 0.17269 2.53403 1.14121 -0.05300 0.42673 -0.54771 0.06003 -0.22970 -0.89899 1.19316 1.16916 -0.25481 -0.52216
-0.10639 -1.23613 -0.51362 0.40074 -1.61237 0.52503 -1.19269 1.20566 0.73954 -0.25120 0.44730 -0.78323 -1.43797 0.57649 -0.00981 -1.00553 1.42030 0.31801 1.10966 -0.93501 0.91243 -0.22174 -0.34615 0.78107 -0.51700 1.73849 0.99319 -1.40379 -1.92945 -1.01302 -1.37951 1.03481
-0.87534 0.18857 -0.31241 0.68359 -1.58585 0.29294 0.37308 1.69069 -1.34198 -1.09812 0.40570 0.02055 -0.38438 -0.54720 0.89102 1.10077 -0.67713 0.89990 0.52464 -0.68944 0.19052 -1.10256 0.73512 3.02673 -0.51633 0.61628 -2.26231 -1.21186 1.82697 -0.28163 0.03940 1.55496
1.05904 -3.79312 -0.84510 0.86855 0.06516 1.41104 -0.09000 -1.55349 -0.13031 0.03654 -0.38047 1.09840 0.24336 1.13959 0.94431 -0.12109 0.94149 -1.50926 0.44179 2.06222 -0.16556 0.81752 -0.45111 0.99734 0.59765 -0.49219 0.38850 1.06233 0.23401 1.33477 0.88071 -0.72801
