-0.19337 -0.14910 0.15113 0.12343 0.01346 0.13136 0.11302 0.07482 0.21713 0.24146 -0.14858 -0.09953 0.11102 0.16941 -0.14559 0.13844 0.17609 0.09766 -0.05614 0.07141 -0.28161 0.12904 -0.07845 0.04969 0.11424 0.06271 -0.12589 0.05872 -0.20291 0.13660 -0.22188 -0.15721 -0.18849 0.25215 0.11484
0.38487 0.34711 -0.23101 -0.16791 0.10584 -0.26133 0.05256 -0.19920 -0.04864 -0.26077 -0.00273 0.07435 0.04881 0.09827 0.12483 0.26713 -0.22578 0.11517 0.10564 0.04502 0.18031 0.18036 0.07659 -0.00446 -0.09327 0.11912 0.05776 0.00016 -0.27485 -0.27576 -0.07478 0.04011 0.00376 -0.13198 0.06487
0.14911 -0.09908 -0.28082 -0.00936 0.15354 -0.01794 0.27882 0.13498 -0.02623 0.11301 0.01794 0.08493 0.13218 -0.09820 -0.08245 -0.15933 -0.02386 -0.10678 0.21197 0.27618 -0.08205 -0.20154 -0.08680 0.08165 0.07671 -0.10520 0.01292 -0.25415 -0.35320 0.01490 -0.15878 0.07909 0.19706 0.52680 -0.17832
-0.05950 0.19272 -0.15146 0.21815 -0.29361 -0.16000 -0.29780 -0.08575 0.05543 -0.10144 0.09549 -0.06214 0.01361 0.12649 -0.19028 0.17709 0.11834 0.21125 0.03490 -0.19580 0.20677 -0.04170 0.14339 -0.22498 -0.06201 -0.14614 -0.07827 0.07041 0.00879 0.07145 0.06085 0.03386 -0.37433 -0.65927 0.09692
0.07957 0.30682 0.11553 -0.04242 0.14217 -0.11996 -0.16360 -0.04630 0.01222 0.22048 -0.24241 -0.09638 -0.19715 0.20394 -0.03976 0.14289 0.08744 0.05477 0.08153 -0.01329 -0.26009 -0.01521 0.08731 -0.12645 0.18557 -0.03793 -0.20064 -0.23119 -0.06069 0.30841 -0.30078 0.16873 0.03522 0.22145 0.17245
-0.03211 0.01795 0.08901 -0.04321 0.07580 0.00874 0.09464 -0.02939 -0.07240 0.05986 0.10550 -0.07632 0.05857 0.05502 -0.06942 0.02153 -0.05554 0.06470 -0.06671 -0.04767 -0.05074 0.12902 -0.05557 -0.07239 -0.01816 0.14406 0.12017 -0.01941 -0.07022 -0.07373 0.02515 -0.03754 -0.06239 -0.01583 -0.11586
-0.04242 -0.12358 0.02917 -0.12574 -0.02970 0.13917 -0.14355 0.02664 -0.12899 0.18820 -0.10643 -0.20898 0.24091 -0.18062 0.06465 -0.05643 -0.14880 -0.00813 0.08181 -0.03272 -0.15139 -0.14121 -0.13063 0.13048 -0.08078 0.21071 -0.08674 -0.06168 0.13528 0.10018 0.16746 0.08619 -0.34213 -0.52512 0.04883
0.11166 -0.38182 -0.20259 -0.06633 0.20138 0.05538 -0.07424 -0.23306 0.14892 -0.18903 0.12038 0.10928 0.05191 0.16802 0.25437 -0.18234 0.02938 -0.22827 0.21133 0.19472 -0.08251 -0.23090 -0.03708 0.07304 0.19500 -0.23418 0.03698 -0.11788 0.04822 -0.28389 0.04288 0.18291 -0.16374 -0.32788 -0.11851
-0.04410 -0.20307 0.16562 -0.08821 0.11262 0.15880 -0.11910 -0.21177 0.18636 -0.16431 0.08507 0.21431 -0.02351 -0.09305 -0.05579 -0.10293 0.28389 -0.06573 -0.18083 -0.08533 -0.02714 -0.01055 -0.13822 -0.03261 0.10555 -0.10816 0.17883 -0.04478 -0.10988 0.02124 -0.00041 0.11108 0.16861 -0.03418 -0.23108
0.22515 0.26586 0.14816 0.02086 -0.16959 0.21821 -0.20163 0.13129 -0.18274 0.11822 -0.34736 -0.01170 0.29488 0.17297 -0.03574 0.13235 -0.28551 0.18021 -0.06109 -0.00935 0.22552 -0.06276 0.45653 0.00123 0.36188 -0.22083 -0.26710 -0.35765 0.09763 0.49982 0.23549 -0.07477 -0.08835 0.21120 -0.09632
0.17112 -0.43465 0.02964 0.07886 -0.04536 0.18061 -0.12727 -0.10985 0.09790 0.14963 0.14640 -0.22913 0.31118 0.30671 0.05658 -0.26208 0.23371 -0.06493 -0.00046 0.03730 -0.05995 0.09500 -0.32531 -0.07694 -0.02210 -0.05948 -0.10968 0.14396 -0.05927 0.15700 -0.03276 -0.14842 -0.39005 -0.49498 0.24013
-0.08315 -0.24038 0.07214 0.01792 0.28739 0.24001 -0.12140 -0.15080 -0.03580 -0.16347 0.10958 0.20966 -0.18183 0.00484 -0.04336 -0.14268 0.20868 -0.08477 0.05409 -0.08772 0.00952 -0.09946 -0.26714 -0.02619 -0.10116 -0.17625 0.09729 0.19699 -0.13934 0.04932 0.28312 0.17907 -0.24941 -0.31214 -0.08027
0.08328 0.11218 0.29554 0.32057 0.09974 -0.15466 -0.09697 0.31350 -0.12008 0.08033 -0.09521 0.00651 -0.06346 0.05409 -0.11310 -0.07899 -0.27141 0.21674 -0.20522 -0.09814 0.09482 -0.09535 0.22830 0.23658 0.16180 -0.14578 0.05107 -0.07971 0.26638 0.03268 -0.43758 0.05271 -0.00837 0.12338 -0.09039
-0.08610 -0.14097 -0.31015 -0.14190 -0.05704 0.01208 0.30044 0.11174 0.14545 -0.17594 0.04150 -0.06024 -0.24044 -0.12673 -0.04812 -0.03952 -0.09335 0.17379 0.01117 0.07005 0.20771 0.02862 -0.09772 -0.04068 -0.01808 -0.05609 0.14436 0.11247 -0.38124 -0.05280 0.01950 -0.03056 0.05162 0.11637 0.02990
0.16269 -0.07086 0.08935 -0.04300 -0.10190 -0.03768 -0.07105 -0.25135 -0.00352 -0.00142 0.18833 -0.10562 -0.04485 -0.09626 -0.29184 0.11027 0.04374 -0.08853 -0.10974 -0.00324 -0.06799 0.15150 -0.00013 0.04429 0.17459 -0.11207 0.15788 0.16654 0.12806 0.01271 -0.00947 0.15797 -0.26304 -0.47400 0.17173
-0.30933 0.26254 -0.23653 0.30364 -0.39403 0.25235 0.25261 0.10971 0.11277 0.29464 -0.24013 -0.04628 -0.17957 0.19976 0.07603 -0.03213 0.15403 -0.28597 0.05729 0.08371 -0.05397 0.19955 0.41821 -0.24474 0.06195 -0.25160 -0.35175 -0.34997 0.43402 0.27680 0.24318 0.14705 -0.25512 0.09482 0.05900
0.01998 0.08692 -0.05228 0.08081 0.23614 0.05717 -0.29044 -0.10173 0.02840 0.03946 0.24792 0.19536 0.25005 0.09337 0.10103 0.05125 -0.16675 -0.07816 -0.03042 -0.20932 0.17497 0.07289 -0.11376 0.13248 0.12835 0.09085 -0.05783 -0.14908 0.16739 -0.04023 0.01509 -0.24745 -0.23398 0.18326 0.15681
-0.07919 0.41136 -0.08702 0.11333 0.10427 0.10641 -0.23001 -0.31200 0.10283 0.12926 -0.04119 0.05105 -0.36214 0.17332 -0.17811 0.11564 -0.36950 -0.05643 0.00504 -0.12628 -0.11682 -0.12221 -0.06608 0.20640 -0.22818 -0.01884 -0.06146 -0.12864 -0.50379 0.21739 -0.05237 0.02954 -0.05455 0.06104 -0.04219
-0.28382 0.13276 0.25969 -0.13280 -0.27086 0.06376 0.13931 -0.05534 0.12539 0.28078 -0.11757 -0.03416 0.21246 0.23937 -0.16278 -0.03716 0.24246 0.16505 -0.14217 0.10408 -0.29340 -0.24764 0.12254 -0.05973 0.05080 -0.21486 -0.25313 -0.06118 -0.06553 0.32437 0.01913 0.27787 0.01139 0.06292 -0.05474
0.14817 -0.06625 -0.21017 -0.13852 0.18598 0.01582 -0.20193 -0.19658 -0.15909 -0.13692 0.23048 -0.11450 -0.20788 -0.17045 -0.04161 0.00592 -0.05402 0.00700 -0.09013 -0.02212 0.06565 0.09412 -0.09873 -0.10319 0.06548 0.09408 0.01704 -0.17948 0.12307 -0.07269 -0.22096 -0.06563 -0.08928 -0.20480 0.22488
0.24440 0.23451 0.06160 -0.10575 -0.08398 0.05054 -0.20051 -0.19194 -0.09953 -0.07998 0.11650 0.17957 -0.10832 -0.10348 0.06784 0.11958 0.32371 0.14922 -0.26596 0.09649 -0.24279 -0.13775 0.07677 0.07191 -0.42987 -0.06672 0.31181 0.30029 0.10232 -0.12766 -0.05980 0.23466 0.08197 0.20954 -0.10741
-0.12527 0.01553 -0.33597 0.09916 0.31682 0.01619 -0.08605 -0.10726 -0.07324 0.16575 -0.11529 -0.12552 -0.15471 0.24460 -0.06010 0.16176 -0.11924 0.08134 -0.00304 0.02134 0.14717 0.08642 -0.15158 -0.08508 -0.14201 -0.10493 0.31278 -0.09000 0.11559 -0.17359 -0.15775 0.00088 -0.27571 -0.09198 0.07578
0.11921 0.27437 0.20735 0.27909 -0.10693 -0.06347 -0.31257 -0.03279 -0.00011 0.08259 -0.19580 -0.28324 0.09230 0.17043 -0.27485 -0.04331 -0.04787 -0.00797 -0.22204 -0.19412 0.04468 -0.15241 -0.04306 0.13794 -0.30473 -0.07439 -0.15619 -0.15620 0.23194 0.05790 -0.22569 0.11135 0.05650 0.30285 -0.15999
-0.01003 0.25944 -0.16359 0.15674 -0.13254 -0.12353 0.05326 -0.15908 0.01006 0.00042 -0.20455 0.01331 -0.23558 0.16576 -0.18489 0.19145 -0.17379 -0.22785 0.00318 0.14195 -0.23409 -0.01761 0.19468 0.00856 -0.14000 -0.27067 0.01636 -0.04348 0.00226 -0.06176 -0.18803 0.04879 0.05391 -0.25776 -0.21053
-0.21519 0.32020 -0.26021 -0.01784 -0.17184 0.13131 0.28573 -0.13576 0.05680 -0.00101 -0.15634 0.01525 -0.04312 0.05408 -0.20936 -0.16291 0.11251 0.12516 0.21568 -0.15118 -0.20774 0.14066 0.26167 -0.12621 0.08921 -0.26139 -0.00239 -0.19571 0.22684 0.10255 0.09787 0.23936 -0.08539 -0.51831 -0.29659
-0.11481 -0.11771 0.11472 -0.08947 -0.06153 -0.06619 -0.03304 0.05223 -0.11354 -0.08837 -0.20946 0.12288 0.02740 0.04468 0.11507 0.08306 0.00718 -0.09187 0.04055 0.04277 0.05488 -0.13428 0.09648 0.03935 -0.03354 0.06099 0.13452 -0.13793 -0.07599 0.09313 -0.19593 0.09683 -0.09141 -0.04976 -0.29441
-0.11299 0.04842 0.05657 -0.14650 0.03649 -0.23681 -0.13988 0.05189 0.06477 -0.00899 0.08695 0.04178 0.18412 -0.16911 0.10212 0.04877 0.19744 -0.17857 0.08267 0.08824 -0.07999 0.08377 0.09312 -0.07020 0.02874 0.09251 0.05086 0.21551 0.11649 0.18738 -0.12043 0.02103 -0.09894 -0.07624 -0.15841
-0.06007 0.27781 0.10218 0.17878 0.12745 -0.13079 -0.10204 0.01190 0.01133 0.08678 -0.16698 0.02973 0.09663 0.03793 -0.05269 0.08801 0.07367 -0.07520 -0.03680 -0.25920 -0.09008 -0.00230 -0.07843 0.16686 -0.16600 -0.04552 -0.06676 0.03738 0.20913 0.10785 0.12349 -0.09219 -0.48469 -0.85496 0.13592
0.37042 -0.11696 -0.13593 -0.29469 0.18051 0.13590 -0.05962 -0.20559 0.23969 -0.03601 0.21861 0.16899 -0.17272 -0.39125 -0.14721 0.17160 -0.12299 -0.18106 0.01627 0.00202 -0.03786 -0.23196 0.15799 0.09889 -0.17911 -0.05177 0.26672 -0.02003 -0.06981 -0.16600 -0.18424 0.12254 -0.05729 0.05431 0.01545
0.00965 0.21571 -0.24340 -0.01903 0.04682 -0.09037 0.22819 0.20030 0.22995 -0.09017 0.26381 -0.03634 -0.10754 0.15258 0.11036 0.07794 0.27160 -0.21487 0.06888 0.13276 0.09637 0.07302 -0.07091 -0.21919 0.05199 -0.28389 0.18830 -0.18418 -0.07015 -0.20154 0.09991 0.10947 0.09922 -0.14379 -0.05457
0.17518 0.09164 0.00754 0.11350 0.01348 0.17081 -0.03192 0.08604 -0.08914 0.24096 -0.11563 0.19704 0.27939 0.24346 0.14521 -0.05026 0.16368 -0.06990 0.09307 -0.00613 0.16353 -0.19186 -0.01968 0.06958 0.07656 -0.17625 -0.00156 -0.19682 0.28955 0.06213 0.18732 0.01354 0.11448 0.29764 0.04859
-0.07519 -0.10104 -0.16676 -0.20350 -0.00895 0.12737 -0.03972 -0.07645 -0.00115 -0.27206 0.16021 0.19857 0.11693 0.02758 -0.02218 -0.31451 0.19054 0.05575 -0.05603 0.00178 -0.23499 -0.10288 -0.35631 -0.26866 0.13807 -0.18535 0.00282 0.00175 -0.20414 -0.18341 0.19644 -0.00194 -0.08662 -0.26097 -0.25357
