-0.04375 0.02346 -0.25790 -0.31293 -0.12304 -0.03323 -0.03025 0.20349 -0.07946 -0.07733 -0.06993 0.02158 0.08253 -0.09079 -0.16354 0.06557 -0.09174 0.10874 -0.12031 -0.21127 -0.06884 0.22048 -0.22584 0.17400 0.10270 0.04827 0.17088 -0.30823 -0.23737 -0.06139 -0.18567 0.21243
-0.16149 -0.18304 -0.22748 -0.13447 -0.13396 0.15196 -0.06480 0.02978 -0.09916 -0.12710 -0.11358 -0.23835 -0.20897 -0.19923 -0.04053 0.02497 -0.12138 -0.10241 0.07626 0.06539 0.04170 0.01646 0.13560 -0.12002 -0.01240 -0.13706 -0.09328 -0.15524 -0.07183 0.03888 -0.13111 -0.00219
0.09279 -0.08956 0.01499 0.02045 0.09168 0.16974 -0.18623 -0.14939 -0.01387 0.09306 0.21521 0.09289 -0.07071 -0.31456 -0.00662 -0.17320 -0.22331 0.12362 0.08625 -0.20394 -0.03268 -0.04329 -0.06940 -0.13718 0.09507 -0.29353 0.06480 0.04937 0.06564 -0.05279 -0.23502 -0.19321
0.08950 0.01179 -0.21785 -0.33043 0.18160 0.01562 -0.53337 0.07818 -0.21982 0.07325 -0.57938 -0.20400 0.31026 -0.07018 -0.23109 0.26985 -0.09356 0.15589 0.09486 -0.20919 0.01276 -0.06633 0.11410 0.08351 0.38535 -0.09586 -0.31666 -0.11369 -0.18581 -0.04245 -0.02322 0.10587
-0.16859 -0.15548 -0.21016 -0.10698 -0.25950 -0.03416 0.22369 0.15647 0.18404 -0.19070 0.08059 0.24237 0.23827 -0.09293 0.19036 0.03104 -0.25452 -0.08755 0.09670 -0.06269 -0.08719 -0.28118 -0.30207 -0.12787 0.00158 0.30848 0.05593 -0.29182 0.06863 -0.09255 -0.15769 0.07826
-0.03049 -0.09830 -0.27761 -0.56545 -0.04156 0.00724 -0.24975 0.23001 -0.00461 0.06751 0.05412 0.06694 0.13224 -0.07781 -0.41306 0.17947 -0.02126 -0.07554 0.07347 -0.25305 0.02792 -0.08507 0.12420 0.02668 -0.01476 0.07775 -0.08572 -0.67484 -0.19709 0.06770 0.08127 0.20549
-0.15894 0.01341 -0.26709 -0.52800 -0.08727 0.04502 -0.47834 0.16170 -0.00792 0.26190 -0.42831 -0.12185 0.01588 -0.46925 -0.17089 0.32962 0.06364 0.06809 -0.03968 -0.06290 0.07262 -0.09328 0.05376 0.13624 0.54507 -0.09314 -0.11470 -0.85038 -0.01010 0.23003 0.05388 0.14041
-0.36332 0.08263 -0.26306 -0.44199 -0.18256 -0.01294 -0.34430 -0.01494 -0.02714 0.08227 0.00793 -0.12568 0.08211 0.02818 -0.04986 -0.00823 0.01007 0.14577 -0.25214 0.02189 0.22635 -0.37182 0.13794 -0.15410 -0.00043 -0.00696 -0.00211 -0.56749 0.18145 -0.28104 -0.30137 -0.18074
-0.23749 0.05390 -0.22916 -0.19427 -0.17276 0.11512 0.18879 0.20539 0.27989 -0.15554 -0.01943 0.11325 -0.10253 0.04288 -0.08917 -0.09411 -0.25348 -0.00103 -0.12290 -0.19853 0.22778 -0.19606 -0.07793 0.03255 0.04404 0.04843 -0.01505 0.15775 -0.03213 0.12386 -0.09247 0.10830
-0.09195 -0.04483 -0.14393 0.00653 -0.00734 -0.00365 -0.07950 -0.11316 0.08374 -0.19955 0.02637 -0.02711 -0.08529 0.03176 -0.12826 0.02018 -0.00230 -0.14085 0.00376 0.03815 0.06997 -0.06282 -0.18641 -0.05350 0.03741 -0.02621 0.06710 0.07648 -0.12960 -0.01864 0.00181 -0.00034
