##[Gaussian Mapper]keyframe id, dssim
35 0.5761442780
36 0.5850179791
37 0.5972387791
38 0.5902128816
39 0.5640470982
40 0.5703814030
41 0.5640584826
42 0.5395766497
43 0.6255946755
44 0.6565245390
45 0.6471549869
46 0.6409053802
47 0.6087976694
48 0.6245803833
49 0.5280484557
50 0.5464473963
51 0.5455195904
52 0.5980715156
53 0.6097143888
54 0.5866962075
55 0.5788353086
56 0.6144714355
59 0.5541160107
60 0.5685728788
61 0.5687978864
62 0.5752869844
63 0.5737491846
64 0.5690227151
65 0.6019929647
66 0.6301205754
67 0.6572348475
68 0.6884795427
69 0.6833860874
70 0.5073230863
71 0.6117568612
72 0.6356505752
73 0.7201783657
74 0.7265054584
75 0.7093533874
76 0.7366589308
77 0.7186642289
78 0.7389256954
79 0.7581417561
80 0.7541917562
81 0.7489719391
82 0.7311521769
83 0.3538385928
84 0.4972801507
85 0.6142235398
86 0.7171345949
87 0.7395275831
88 0.7537615895
89 0.7670779824
90 0.7780530453
91 0.7645684481
92 0.7544228435
93 0.7619270682
94 0.7624484301
95 0.7644541860
96 0.7706139684
97 0.7728275061
98 0.7542308569
99 0.7086544633
100 0.6798813343
101 0.6768240929
102 0.6274261475
103 0.3719667792
104 0.5184366107
105 0.5976039767
106 0.6594319940
107 0.6720405221
108 0.6772168279
109 0.6951947212
110 0.6965456009
111 0.6968427896
112 0.7028592825
113 0.6945797205
114 0.6948676109
115 0.6956140995
116 0.7044928670
117 0.6685918570
118 0.6345040798
119 0.6548846960
120 0.6580449939
121 0.6442593336
122 0.5878868103
123 0.5839650035
124 0.6045497656
125 0.6241616011
126 0.6195842028
127 0.6219117045
128 0.5323478580
129 0.5441075563
130 0.5020009279
131 0.4986850917
132 0.5234895945
133 0.5141203403
134 0.5097197890
135 0.4947443902
136 0.5233498812
137 0.5188795328
138 0.5356174111
139 0.5442844033
140 0.5868242979
141 0.5827065110
142 0.5298792124
143 0.4980048537
144 0.5191303492
145 0.5228292942
146 0.5052531958
147 0.4384076893
148 0.4968436062
149 0.5003141165
150 0.4944686294
151 0.4895100892
152 0.5277851224
153 0.5607585907
154 0.5554859638
155 0.5461207628
156 0.5272290111
157 0.5060688853
158 0.5244253874
159 0.5347015858
160 0.5488605499
161 0.6092314124
162 0.6226961613
163 0.6299239993
164 0.6688802838
165 0.6914123893
166 0.6947191358
167 0.7028978467
168 0.7046430707
169 0.7003608942
170 0.7135202885
171 0.7097777128
172 0.7153604031
173 0.7180786729
174 0.7014704943
175 0.5512019992
176 0.5569576621
177 0.5656942725
178 0.5604613423
179 0.5794554949
180 0.5773261786
181 0.6168047190
182 0.6341645718
183 0.6482267380
184 0.6591475010
185 0.6596279144
186 0.6540522575
187 0.6736986637
188 0.6759313941
189 0.6720991731
190 0.5581816435
191 0.5756653547
192 0.5861369371
193 0.6029758453
194 0.6124592423
195 0.6729761362
196 0.6424208283
197 0.6590109468
198 0.6867122650
199 0.6966692805
200 0.6961262226
201 0.6953631639
202 0.6817051172
203 0.6601426005
204 0.6582524180
205 0.6338404417
206 0.6214690804
207 0.6216954589
208 0.5850518346
209 0.5823014975
210 0.5510951281
211 0.4678265750
212 0.5441394448
213 0.6669343710
214 0.6790223718
215 0.5133019090
216 0.5742998719
