##[Gaussian Mapper]keyframe id, psnr_gaussian_splatting
35 10.1574306488
36 10.7713890076
37 11.2771492004
38 11.2413549423
39 10.8720302582
40 11.2416400909
41 10.8162641525
42 10.9169883728
43 14.4938707352
44 16.2687568665
45 16.5102024078
46 16.4591255188
47 15.3293504715
48 14.1965045929
49 10.3736133575
50 10.3028535843
51 10.6163043976
52 12.4788551331
53 13.0117912292
54 11.5765914917
55 11.8268852234
56 12.4348144531
59 12.7942676544
60 13.7381353378
61 14.1168870926
62 15.0839157104
63 15.0716342926
64 15.4573478699
65 16.6752929688
66 17.5957832336
67 16.3389472961
68 17.7043666840
69 17.9533367157
70 10.6718053818
71 13.2210140228
72 13.9775276184
73 16.5391197205
74 16.7000236511
75 17.3680725098
76 18.0414295197
77 18.7461414337
78 19.1674003601
79 18.9190464020
80 18.6780490875
81 18.3372859955
82 17.6691055298
83 7.1720147133
84 10.4032573700
85 13.6356067657
86 16.2395935059
87 16.7909202576
88 17.4804477692
89 17.8825035095
90 18.3316707611
91 18.3771076202
92 18.3207359314
93 18.8413543701
94 18.7555198669
95 18.9656276703
96 19.1185722351
97 19.0007724762
98 17.2192745209
99 15.4211854935
100 14.9492406845
101 15.3300561905
102 14.2357559204
103 7.5618696213
104 11.0111427307
105 14.7656097412
106 16.6741657257
107 17.2758140564
108 17.5030307770
109 17.8100528717
110 17.8088417053
111 17.8056030273
112 17.8113327026
113 17.4158458710
114 16.7256317139
115 17.8284683228
116 16.5560245514
117 17.9259281158
118 17.9642562866
119 17.2021789551
120 15.6866111755
121 17.0470218658
122 16.0766353607
123 16.0393028259
124 16.0595722198
125 16.4771442413
126 14.8202533722
127 14.4741230011
128 11.9423952103
129 10.5883064270
130 9.9691905975
131 10.0116519928
132 10.4465961456
133 10.4153804779
134 10.3555822372
135 10.8368024826
136 11.5266151428
137 11.4378051758
138 11.6240024567
139 13.0490388870
140 13.9753046036
141 14.0354614258
142 12.2515373230
143 11.6374540329
144 11.2500238419
145 11.5383329391
146 11.0588855743
147 9.2908420563
148 10.3849372864
149 10.3172492981
150 10.9569587708
151 10.4273691177
152 11.1050176620
153 12.6471805573
154 13.0986356735
155 12.7977361679
156 12.1939640045
157 9.7492065430
158 10.5688953400
159 10.6675863266
160 10.8951854706
161 13.0465068817
162 14.4432716370
163 14.0972414017
164 15.5377950668
165 16.3282241821
166 16.4675998688
167 16.6634330750
168 16.8062572479
169 16.5155582428
170 16.6654109955
171 16.2155914307
172 16.3515205383
173 16.6024951935
174 15.9546318054
175 10.4536991119
176 11.0568342209
177 11.2378673553
178 11.2303714752
179 11.2847557068
180 11.3079090118
181 11.7659997940
182 12.0414752960
183 12.2490358353
184 12.4603357315
185 12.5732374191
186 12.2973585129
187 11.9513130188
188 11.9008541107
189 12.4689006805
190 9.5603485107
191 10.0703792572
192 10.3877201080
193 10.7550477982
194 11.0746107101
195 12.4273862839
196 10.9720611572
197 12.0329666138
198 12.4704732895
199 12.8785505295
200 13.0402908325
201 13.2574453354
202 12.9745502472
203 13.1754732132
204 13.6697053909
205 13.7212514877
206 14.1023101807
207 14.3278675079
208 14.6354913712
209 14.8081054688
210 15.1419305801
211 15.6069164276
212 16.1998920441
213 16.3140335083
214 15.4140453339
215 16.7767028809
216 16.9169349670
