##[Gaussian Mapper]keyframe id, psnr
35 10.1573677063
36 10.7713756561
37 11.2771453857
38 11.2412633896
39 10.8720283508
40 11.2416400909
41 10.8162641525
42 10.9169874191
43 14.4938678741
44 16.2687511444
45 16.5101966858
46 16.4591217041
47 15.3293466568
48 14.1965007782
49 10.3735809326
50 10.3027992249
51 10.6162786484
52 12.4788322449
53 13.0117902756
54 11.5765905380
55 11.8268814087
56 12.4348125458
59 12.7942419052
60 13.7381229401
61 14.1168842316
62 15.0839138031
63 15.0716323853
64 15.4573459625
65 16.6752376556
66 17.5957565308
67 16.3389263153
68 17.7043552399
69 17.9527168274
70 10.6717824936
71 13.2210111618
72 13.9775257111
73 16.5391178131
74 16.7000217438
75 17.3680706024
76 18.0414276123
77 18.7461357117
78 19.1673984528
79 18.9190444946
80 18.6780471802
81 18.3372840881
82 17.6691055298
83 7.1716165543
84 10.4027347565
85 13.6354837418
86 16.2395687103
87 16.7908992767
88 17.4804153442
89 17.8824729919
90 18.3316574097
91 18.3769912720
92 18.3189220428
93 18.8413524628
94 18.7555160522
95 18.9656219482
96 19.1185722351
97 19.0007686615
98 17.2192726135
99 15.4211854935
100 14.9492406845
101 15.3300533295
102 14.2357254028
103 7.5617365837
104 11.0105800629
105 14.7655811310
106 16.6741600037
107 17.2758121490
108 17.5030307770
109 17.8100509644
110 17.8088397980
111 17.8056011200
112 17.8113327026
113 17.4158439636
114 16.7256317139
115 17.8284664154
116 16.5560245514
117 17.9259281158
118 17.9642562866
119 17.2021789551
120 15.6866111755
121 17.0470218658
122 16.0766353607
123 16.0392990112
124 16.0595722198
125 16.4753265381
126 14.8195095062
127 14.4730262756
128 11.9423475266
129 10.5883064270
130 9.9691896439
131 10.0116500854
132 10.4465942383
133 10.4153804779
134 10.3555822372
135 10.8365907669
136 11.5265197754
137 11.4376878738
138 11.6239585876
139 13.0490360260
140 13.9752979279
141 14.0354490280
142 12.2515344620
143 11.6374540329
144 11.2500228882
145 11.5383300781
146 11.0588827133
147 9.2908401489
148 10.3849353790
149 10.3172388077
150 10.9569511414
151 10.4273519516
152 11.1050119400
153 12.6471748352
154 13.0986270905
155 12.7977333069
156 12.1939620972
157 9.7490711212
158 10.5688867569
159 10.6675806046
160 10.8951835632
161 13.0465049744
162 14.4432535172
163 14.0972404480
164 15.5377922058
165 16.3282222748
166 16.4675979614
167 16.6634292603
168 16.8062553406
169 16.5155563354
170 16.6654090881
171 16.2155895233
172 16.3515186310
173 16.6024932861
174 15.9546289444
175 10.4536571503
176 11.0567607880
177 11.2378501892
178 11.2303638458
179 11.2847566605
180 11.3079080582
181 11.7659988403
182 12.0414695740
183 12.2490358353
184 12.4603309631
185 12.5732345581
186 12.2973537445
187 11.9513111115
188 11.9008502960
189 12.4689006805
190 9.5603332520
191 10.0703544617
192 10.3876962662
193 10.7550420761
194 11.0746059418
195 12.4273786545
196 10.9720592499
197 12.0329666138
198 12.4704723358
199 12.8785429001
200 13.0402803421
201 13.2574357986
202 12.9745340347
203 13.1754722595
204 13.6697025299
205 13.7212514877
206 14.1023082733
207 14.3278646469
208 14.6354885101
209 14.8080978394
210 15.1419172287
211 15.6068973541
212 16.1998653412
213 16.3140010834
214 15.4140291214
215 16.7766418457
216 16.9168777466
