##[Gaussian Mapper]Render time statistics: keyframe id, time(milliseconds)
35 1.59185800
36 1.95644500
37 2.34344500
38 1.61560300
39 1.35304900
40 1.34372100
41 1.29841600
42 1.28434900
43 1.15594800
44 1.68167600
45 1.13024000
46 1.12395700
47 3.38154900
48 1.58006600
49 2.43297300
50 1.65618000
51 1.44561300
52 1.53816800
53 1.79574300
54 1.62575300
55 1.56913600
56 1.61224700
59 1.65975700
60 3.16199600
61 1.56917500
62 6.56853400
63 3.30503500
64 5.84952800
65 1.72803500
66 1.51525500
67 1.53793700
68 2.18123800
69 1.73497900
70 1.47934700
71 2.57736400
72 2.46980100
73 1.36338800
74 1.69181700
75 1.74767100
76 2.14725300
77 1.26880100
78 1.33240000
79 1.26780800
80 9.20790400
81 1.35825800
82 3.40700700
83 1.95333900
84 6.19470800
85 3.94075200
86 5.64322900
87 1.87578400
88 11.26325600
89 11.66096400
90 10.50985600
91 1.54263500
92 2.22597300
93 7.30149400
94 7.23459700
95 13.24546000
96 6.57025600
97 3.53624100
98 19.20994300
99 4.72777500
100 8.86168200
101 1.94546400
102 2.79856100
103 2.40135300
104 1.61487100
105 2.77382400
106 8.87296300
107 13.62389200
108 2.77905400
109 2.36143800
110 2.64287700
111 17.34051200
112 10.57151300
113 2.29852900
114 3.27873600
115 2.40092200
116 11.19344400
117 12.34505400
118 2.07471800
119 7.17290000
120 2.12605400
121 6.16123500
122 14.61511000
123 3.13110800
124 2.11139700
125 7.11666500
126 1.67178900
127 4.87363000
128 2.92207500
129 2.15083000
130 2.75175200
131 9.49216000
132 2.02397200
133 4.61329900
134 1.96373900
135 15.55737500
136 2.13857800
137 2.17831300
138 7.57130100
139 9.48079800
140 8.95846400
141 2.07575000
142 7.54551400
143 2.17588900
144 8.73130600
145 2.04358900
146 12.02099300
147 2.34539700
148 8.29368200
149 4.03109400
150 2.26027800
151 8.68853600
152 2.16155200
153 8.32506200
154 3.26985000
155 1.96628400
156 6.35067300
157 6.55936500
158 3.21026600
159 2.10838200
160 4.60475400
161 4.15656900
162 8.01110900
163 7.68001600
164 3.70248400
165 7.27081600
166 8.28875300
167 3.27093100
168 2.17547800
169 8.21726800
170 8.26239300
171 7.18064500
172 7.21190500
173 2.12611400
174 6.20517900
175 6.94642400
176 6.46215100
177 9.71635200
178 10.99398700
179 8.16739400
180 8.51848500
181 7.69279100
182 1.90727100
183 6.61981900
184 2.86989600
185 8.16232600
186 6.69032300
187 10.16577900
188 8.22331000
189 9.01102400
190 2.29156600
191 2.27809100
192 2.48676400
193 1.81551000
194 12.57473600
195 6.68312900
196 7.60055700
197 2.14587200
198 6.90367300
199 1.61408100
200 9.15758000
201 2.51281300
202 5.17623000
203 7.45059400
204 1.82889500
205 7.25558600
206 2.13787700
207 7.96505300
208 8.67495000
209 7.70304000
210 9.66339200
211 8.49159400
212 3.67686600
213 1.96415000
214 7.30280700
215 4.71375900
216 2.06782500
