##[Gaussian Mapper]keyframe id, dssim
76 0.5892842412
77 0.6394275427
78 0.6574593186
79 0.6915731430
80 0.6985413432
81 0.7052770853
82 0.7089428306
83 0.7161700726
84 0.7174112201
85 0.7309747338
86 0.7263729572
87 0.7243041396
88 0.7544670105
89 0.7541413307
90 0.7407922745
91 0.8230532408
92 0.7700580359
93 0.7724317908
94 0.8093420863
95 0.7190616727
98 0.4627781510
99 0.4638015032
100 0.4746189415
101 0.5326587558
102 0.5336236358
103 0.4032938480
104 0.4622806907
105 0.4954657853
106 0.5450289845
107 0.5720776916
108 0.5900565386
109 0.5960565805
110 0.6223106384
111 0.5623519421
112 0.5767246485
113 0.5749323368
114 0.5640147924
115 0.5525482893
116 0.5736198425
117 0.5842061043
118 0.5820187926
119 0.5651915669
120 0.5805457234
121 0.5773585439
122 0.5898874998
123 0.5952845812
124 0.5924438238
125 0.5951945186
126 0.6033618450
127 0.6030868292
128 0.6042322516
129 0.6079907417
130 0.5806891918
131 0.5572289824
132 0.5533075333
133 0.5698037744
134 0.6012353897
135 0.5749222040
136 0.5966909528
137 0.6009889245
138 0.6296654344
139 0.6519839764
140 0.6392250061
141 0.6136726737
142 0.5208448768
143 0.5545111299
144 0.5712825060
145 0.5794901252
146 0.5976231098
147 0.5983313322
148 0.6297594309
149 0.6492452025
150 0.6649478674
151 0.6752035022
152 0.6763225198
153 0.6827409863
154 0.6992951035
155 0.6960076094
156 0.6870400310
157 0.6628315449
158 0.5402095318
159 0.5848222971
160 0.5896242857
161 0.6016682386
162 0.6115512252
163 0.6265141964
164 0.6563177705
165 0.6749906540
166 0.7047079206
167 0.7146309018
168 0.7162594795
169 0.6995449662
170 0.6812069416
171 0.6552011967
172 0.6293295622
173 0.6122781038
174 0.5950504541
175 0.5588207841
176 0.5326251388
177 0.4621852636
178 0.4709123075
179 0.5220127106
