##[Gaussian Mapper]keyframe id, psnr
76 12.3051891327
77 13.6167430878
78 14.5461320877
79 17.0762863159
80 17.7014045715
81 18.5187950134
82 19.0358829498
83 19.1349124908
84 19.1725997925
85 19.4826431274
86 19.1870841980
87 19.0874938965
88 19.8124160767
89 20.6146144867
90 21.6942386627
91 22.5426483154
92 22.2305774689
93 23.7386589050
94 23.1882514954
95 20.7996597290
98 8.0566005707
99 8.0698652267
100 8.1851348877
101 9.7475805283
102 9.9669942856
103 7.6456241608
104 9.4459333420
105 10.9629497528
106 12.6746454239
107 13.1903924942
108 13.6179485321
109 13.9368257523
110 14.0348281860
111 12.7071132660
112 13.1775388718
113 13.0851478577
114 12.8906555176
115 12.6193885803
116 13.0678958893
117 13.7006053925
118 13.6452178955
119 13.3022670746
120 13.4297008514
121 13.0907268524
122 13.3028411865
123 13.9494533539
124 14.0479316711
125 14.2195072174
126 14.0414962769
127 14.0112552643
128 13.9498414993
129 13.6029481888
130 11.0884838104
131 10.1976222992
132 9.9059686661
133 9.7979087830
134 10.9508619308
135 10.0297975540
136 10.5844421387
137 10.9867429733
138 11.3309078217
139 11.4746570587
140 11.1881589890
141 10.7819023132
142 8.8721446991
143 10.0239419937
144 11.2938671112
145 12.0134153366
146 12.3731508255
147 12.5397863388
148 13.3486261368
149 14.2662715912
150 14.9781503677
151 15.4793548584
152 15.5611505508
153 15.0396299362
154 15.5650424957
155 15.2018280029
156 14.1347370148
157 13.1881227493
158 9.3455514908
159 10.8914098740
160 11.0987367630
161 11.1788272858
162 11.2519931793
163 11.7283926010
164 12.5815353394
165 13.1491947174
166 14.9855241776
167 14.8745040894
168 15.6988811493
169 16.3507766724
170 16.5169868469
171 16.3925914764
172 15.8823595047
173 15.1728782654
174 14.6522960663
175 14.2885131836
176 14.7258720398
177 15.8330860138
178 16.1773471832
179 15.6070690155
