##[Gaussian Mapper]keyframe id, psnr_gaussian_splatting
76 12.3058204651
77 13.6167602539
78 14.5461320877
79 17.0762863159
80 17.7014083862
81 18.5187950134
82 19.0358829498
83 19.1349124908
84 19.1725997925
85 19.4826450348
86 19.1870861053
87 19.0874958038
88 19.8124160767
89 20.6146144867
90 21.6942386627
91 22.5426483154
92 22.2305755615
93 23.7386589050
94 23.1882514954
95 20.7996597290
98 8.0573959351
99 8.0701818466
100 8.1854763031
101 9.7476329803
102 9.9670047760
103 7.6470279694
104 9.4466581345
105 10.9629611969
106 12.6747226715
107 13.1904735565
108 13.6179914474
109 13.9368343353
110 14.0348320007
111 12.7072000504
112 13.1775617599
113 13.0851631165
114 12.8906679153
115 12.6194133759
116 13.0679092407
117 13.7006177902
118 13.6452283859
119 13.3022785187
120 13.4297027588
121 13.0907268524
122 13.3028430939
123 13.9494562149
124 14.0479354858
125 14.2195167542
126 14.0415077209
127 14.0112581253
128 13.9498596191
129 13.6031265259
130 11.0888977051
131 10.1977386475
132 9.9059696198
133 9.7979087830
134 10.9508609772
135 10.0297966003
136 10.5844507217
137 10.9867467880
138 11.3309087753
139 11.4746570587
140 11.1881599426
141 10.7819023132
142 8.8731956482
143 10.0247955322
144 11.2939472198
145 12.0134296417
146 12.3732242584
147 12.5398626328
148 13.3486385345
149 14.2662763596
150 14.9781589508
151 15.4793729782
152 15.5611782074
153 15.0396423340
154 15.5650444031
155 15.2018299103
156 14.1347389221
157 13.1881237030
158 9.3463726044
159 10.8914136887
160 11.0987558365
161 11.1788320541
162 11.2520008087
163 11.7283964157
164 12.5815410614
165 13.1491985321
166 14.9855251312
167 14.8745040894
168 15.6988830566
169 16.3507785797
170 16.5169887543
171 16.3925933838
172 15.8823604584
173 15.1728801727
174 14.6522979736
175 14.2885150909
176 14.7258739471
177 15.8330869675
178 16.1773471832
179 15.6070690155
