##[Gaussian Mapper]Render time statistics: keyframe id, time(milliseconds)
76 1.36676400
77 1.36531300
78 1.16055700
79 2.11275000
80 1.77323100
81 2.83664300
82 1.16218900
83 1.17679700
84 1.16097700
85 1.94166700
86 1.43748800
87 1.41433400
88 1.42569600
89 1.40817200
90 1.42924300
91 1.43173700
92 1.41626800
93 1.45847700
94 1.43228800
95 1.39611000
98 1.38368700
99 1.38599100
100 1.39778300
101 1.39929600
102 1.40209100
103 1.34050600
104 1.35301900
105 1.34885100
106 1.38358600
107 1.33908300
108 1.40026800
109 1.33944300
110 1.35722800
111 1.34893200
112 1.34238900
113 1.34500400
114 1.34707700
115 1.35117500
116 1.35978100
117 1.33794000
118 1.33612700
119 1.69644500
120 1.33309100
121 1.11059200
122 1.11634300
123 1.12296500
124 1.12835600
125 1.09825900
126 1.10477200
127 1.11692400
128 1.14092900
129 1.12052000
130 1.12584100
131 1.14968600
132 1.11464900
133 1.65841400
134 1.36688400
135 1.36324900
136 1.36293700
137 1.34258900
138 1.19302700
139 1.12235400
140 1.11372700
141 1.11064200
142 1.17214800
143 1.14002700
144 1.12396800
145 1.12586000
146 1.13958700
147 1.13896500
148 1.13144200
149 1.17162700
150 1.74258300
151 1.16001500
152 1.12725300
153 1.14132100
154 1.10547300
155 1.08856100
156 1.07731000
157 1.07219100
158 1.11235500
159 1.10748600
160 1.11488000
161 1.11893700
162 1.11338700
163 1.12983800
164 1.12484800
165 1.10760600
166 1.12383800
167 1.10974000
168 1.21293500
169 1.14545800
170 1.14873500
171 1.11518000
172 1.10159500
173 1.10228600
174 1.12934800
175 1.11001200
176 1.13242400
177 1.13852500
178 1.19840800
179 1.15810200
