##[Gaussian Mapper]Iteration 3292 keyframe id, used times, remaining times:
35 81 1
36 81 1
37 81 1
38 81 1
39 81 1
40 81 1
41 81 1
42 81 1
43 81 1
44 81 1
45 81 1
46 81 1
47 81 1
48 80 1
49 66 1
50 66 1
51 66 1
52 62 1
53 62 1
54 58 1
55 57 1
56 49 1
59 32 1
60 32 1
61 32 1
62 32 1
63 31 1
64 30 1
65 29 1
66 28 1
67 27 1
68 27 1
69 27 1
70 20 1
71 20 1
72 20 1
73 20 1
74 20 1
75 20 1
76 20 1
77 20 1
78 20 1
79 20 1
80 20 1
81 20 1
82 20 1
83 17 1
84 17 1
85 17 1
86 17 1
87 17 1
88 17 1
89 17 1
90 17 1
91 17 1
92 17 1
93 17 1
94 17 1
95 17 1
96 17 1
97 17 1
98 17 1
99 17 1
100 17 1
101 16 1
102 16 1
103 15 1
104 15 1
105 15 1
106 15 1
107 15 1
108 15 1
109 15 1
110 15 1
111 15 1
112 15 1
113 15 1
114 15 1
115 14 1
116 14 1
117 13 1
118 12 1
119 12 1
120 12 1
121 11 1
122 11 1
123 11 1
124 10 1
125 10 1
126 10 1
127 10 1
128 9 1
129 9 1
130 9 1
131 9 1
132 9 1
133 9 1
134 9 1
135 7 1
136 7 1
137 7 1
138 7 1
139 7 1
140 7 1
141 7 1
142 7 1
143 7 1
144 7 1
145 7 1
146 7 1
147 7 1
148 7 1
149 6 1
150 6 1
151 6 1
152 6 1
153 6 1
154 6 1
155 6 1
156 6 1
157 5 1
158 5 1
159 5 1
160 5 1
161 5 1
162 5 1
163 5 1
164 5 1
165 5 1
166 5 1
167 5 1
168 5 1
169 5 1
170 5 1
171 5 1
172 5 1
173 5 1
174 5 1
175 4 1
176 4 1
177 4 1
178 4 1
179 4 1
180 4 1
181 4 1
182 4 1
183 4 1
184 4 1
185 4 1
186 4 1
187 4 1
188 4 1
189 3 1
190 3 1
191 3 1
192 3 1
193 3 1
194 3 1
195 2 1
196 2 1
197 2 1
198 2 1
199 3 0
200 2 1
201 2 1
202 2 1
203 2 1
204 2 1
205 2 1
206 2 1
207 2 1
208 2 1
209 2 1
210 2 1
211 2 1
212 2 1
213 2 1
214 2 1
215 2 1
216 2 1
##=========================================
##[Gaussian Mapper]Iteration 1812 keyframe id, used times, remaining times:
76 55 1
77 56 0
78 55 1
79 56 0
80 56 0
81 56 0
82 56 0
83 55 1
84 55 1
85 56 0
86 55 1
87 56 0
88 56 0
89 55 1
90 55 1
91 56 0
92 47 1
93 45 0
94 43 0
95 39 1
98 23 0
99 23 0
100 23 0
101 23 0
102 23 0
103 16 1
104 17 0
105 16 1
106 17 0
107 16 1
108 16 1
109 16 1
110 16 0
111 14 1
112 15 0
113 14 1
114 15 0
115 14 0
116 14 0
117 13 0
118 13 0
119 13 0
120 11 1
121 11 1
122 12 0
123 11 1
124 11 1
125 11 1
126 12 0
127 11 1
128 12 0
129 11 1
130 9 0
131 8 1
132 8 1
133 9 0
134 9 0
135 9 0
136 9 0
137 9 0
138 9 0
139 8 0
140 7 1
141 7 1
142 6 1
143 6 1
144 7 0
145 7 0
146 6 0
147 6 0
148 6 0
149 6 0
150 6 0
151 6 0
152 6 0
153 5 1
154 6 0
155 5 1
156 6 0
157 5 1
158 3 1
159 4 0
160 4 0
161 4 0
162 3 1
163 4 0
164 4 0
165 3 1
166 4 0
167 4 0
168 3 0
169 3 0
170 3 0
171 3 0
172 3 0
173 2 1
174 2 1
175 2 1
176 3 0
177 3 0
178 3 0
179 3 0
##=========================================
##[Gaussian Mapper]Iteration 3948 keyframe id, used times, remaining times:
36 128 1
37 128 1
38 128 1
39 128 1
40 128 1
41 128 1
42 102 1
43 102 1
44 102 1
45 102 1
46 101 1
47 98 1
48 96 1
49 80 1
50 80 1
51 80 1
52 78 1
53 75 1
54 66 1
55 65 1
56 61 1
57 54 1
58 54 1
59 54 1
60 45 1
61 45 1
62 45 1
63 45 1
64 44 1
65 43 1
66 42 1
67 37 0
68 36 1
69 37 0
70 36 1
73 27 1
74 27 1
75 27 1
76 27 1
77 27 1
78 24 1
79 24 1
80 24 1
81 24 1
82 24 1
83 24 1
84 24 1
85 24 1
86 23 1
87 23 1
88 23 1
89 24 0
90 23 1
91 23 1
92 23 1
93 19 1
94 19 1
95 19 1
96 16 1
97 16 1
98 16 1
99 16 1
100 16 1
101 16 1
102 17 0
103 16 1
104 16 1
105 16 1
106 16 1
107 16 1
108 17 0
109 16 1
110 14 1
111 14 1
112 14 1
113 14 1
114 14 0
115 13 1
116 12 1
117 11 1
118 11 1
119 11 1
120 11 1
121 11 1
122 11 1
123 10 1
124 10 1
125 10 1
126 10 1
127 10 1
128 9 1
129 9 1
130 9 1
131 9 1
132 9 1
133 9 1
134 8 1
135 8 1
136 8 1
137 8 1
138 7 1
139 7 1
140 7 1
141 7 1
142 7 1
143 6 1
144 6 1
145 6 1
146 6 1
147 6 1
148 6 1
149 6 1
150 6 1
151 5 1
152 5 1
153 5 1
154 5 1
155 5 1
156 4 1
157 4 1
158 4 1
159 5 0
160 4 1
161 4 1
162 4 1
163 4 1
164 4 1
165 4 1
166 3 1
167 3 1
168 3 1
169 4 0
170 3 1
171 3 1
172 3 1
173 3 1
174 4 0
175 3 1
176 3 1
177 3 1
178 3 1
179 3 1
180 3 1
181 4 0
182 3 1
183 3 1
##=========================================
##[Gaussian Mapper]Iteration 2724 keyframe id, used times, remaining times:
45 86 0
46 86 0
47 86 0
48 86 0
49 86 0
50 86 0
51 79 0
52 77 0
53 54 0
54 54 0
55 54 0
56 54 0
57 38 0
58 38 0
59 38 0
60 37 0
61 36 0
62 35 0
63 34 0
64 33 0
65 30 0
66 30 0
67 30 0
68 24 0
69 23 1
70 24 0
71 24 0
72 24 0
73 23 0
74 23 0
75 23 0
76 23 0
77 23 0
78 23 0
79 23 0
80 23 0
81 20 0
82 20 0
83 20 0
84 20 0
85 20 0
86 20 0
87 20 0
88 20 0
89 20 0
90 20 0
91 20 0
92 20 0
93 20 0
94 20 0
95 20 0
96 20 0
97 19 0
98 19 0
99 19 0
100 17 0
101 17 0
102 17 0
103 17 0
104 17 0
105 17 0
106 17 0
107 17 0
108 17 0
109 17 0
110 17 0
111 16 0
112 15 0
113 15 0
114 15 0
115 15 0
116 14 0
117 13 0
118 13 0
119 13 0
120 12 0
121 12 0
122 11 0
123 10 0
124 10 0
125 10 0
126 10 0
127 8 1
128 9 0
129 9 0
130 9 0
131 9 0
132 8 0
133 8 0
134 8 0
135 8 0
136 8 0
137 8 0
138 7 0
139 7 0
140 7 0
141 7 0
142 7 0
143 7 0
144 7 0
145 7 0
146 7 0
147 7 0
148 5 1
149 6 0
150 6 0
151 6 0
152 6 0
153 6 0
154 6 0
155 5 0
156 5 0
157 5 0
158 5 0
159 5 0
160 5 0
161 5 0
162 5 0
163 5 0
164 5 0
165 5 0
166 5 0
167 5 0
168 5 0
169 5 0
170 5 0
171 5 0
172 4 0
173 4 0
174 4 0
175 4 0
176 4 0
177 4 0
178 4 0
179 4 0
180 4 0
181 4 0
182 4 0
183 4 0
184 4 0
185 4 0
186 3 1
187 4 0
188 4 0
189 2 1
190 3 0
191 3 0
192 3 0
193 3 0
194 3 0
195 3 0
196 3 0
197 3 0
198 1 1
199 1 1
200 1 1
201 1 1
202 1 1
##=========================================
