0.64415 -0.59866 0.07296 0.19588 0.60513 -0.54392 -0.48120 0.45524 -0.50038 -0.05826 0.44170 -0.53402 -0.26886 -0.61599 -0.43017 0.52086 -0.48796 0.52934 -0.55426 -0.66420 0.42983 0.57703 0.64254 0.58900 0.06479 0.53786 0.13679 0.56436 -0.65290 0.06257 -0.58715 -0.51190 -0.05860 0.21920 -0.06751 0.26896 -0.05706 -0.07925 0.25112 -0.25347 0.20036 -0.14096 0.00262 0.21128 -0.07466 0.15730 0.01095 -0.00158 -0.07206 -0.12134 -0.11764 0.14262 0.09068 -0.24663 0.12591 -0.22693 -0.10382 0.09220 0.19103 0.13456 -0.07064 -0.03103 0.13861 0.02107 -0.11684 0.18222 0.12687
0.44407 -0.63907 0.16056 0.10726 0.45051 -0.43080 -0.37499 0.27764 -0.45113 0.02129 0.61383 -0.51998 -0.31335 -0.53762 -0.56476 0.45835 -0.56835 0.39417 -0.45212 -0.58420 0.28173 0.46651 0.36847 0.60168 0.14449 0.55103 0.15361 0.48234 -0.57034 0.12143 -0.55506 -0.39866 0.10766 0.31229 0.03829 0.12880 -0.04131 0.10530 0.16220 -0.18569 0.02293 0.01343 -0.05446 0.14627 0.04744 0.07030 0.13519 0.07144 -0.03588 -0.12397 -0.07027 0.14964 0.13124 -0.06697 0.04216 -0.16340 0.05721 0.13486 0.13514 -0.04248 -0.18134 0.08239 0.14236 0.12365 -0.17302 0.07894 -0.04793
0.09098 -0.06895 0.26039 0.14000 0.00723 -0.20408 -0.22045 0.04748 -0.14349 0.04898 -0.03614 0.08139 -0.09975 0.28236 -0.00279 -0.01345 -0.15690 -0.15646 -0.05562 -0.12132 0.09311 0.08125 0.10361 0.17117 -0.07542 0.12639 -0.08087 -0.10982 0.18138 -0.04164 -0.25637 0.33249 -0.00583 0.21068 0.05873 -0.03313 0.24116 0.40349 -0.09745 -0.04259 -0.23905 0.15470 -0.17767 0.16957 0.35964 0.37562 -0.35099 0.26599 0.14703 0.23064 0.10706 -0.26231 -0.15072 -0.11052 -0.26125 0.08445 -0.25598 -0.19343 -0.13832 -0.28962 0.19935 0.32924 -0.15745 -0.30639 0.20795 -0.18689 -0.31515
-0.12835 0.00533 -0.19503 -0.29435 0.13089 0.06496 -0.07867 0.05042 -0.20969 0.04155 0.06348 0.05211 0.06930 0.00244 -0.28977 -0.09288 -0.00507 -0.07701 -0.15789 0.08925 0.09331 0.07528 -0.10443 0.00884 -0.03214 0.04820 0.10323 -0.06554 -0.34013 -0.01905 -0.07102 0.41752 -0.25356 -0.13475 -0.51376 0.26394 -0.23442 -0.11192 -0.07712 0.00353 -0.13624 0.12904 -0.12162 -0.10325 0.02457 -0.13762 0.11942 -0.27614 0.05553 0.08619 -0.30998 0.05023 0.08183 -0.20035 -0.10884 0.05169 -0.08572 0.06483 -0.08885 -0.04722 -0.13269 -0.02488 -0.18172 0.24193 -0.27660 0.30800 -0.00841
0.28570 -0.15192 -0.24276 -0.34212 0.40330 -0.48864 -0.32999 0.26788 -0.46221 0.08521 0.27785 -0.43378 -0.47388 -0.46827 -0.51885 0.37177 -0.41537 0.45548 -0.28528 -0.22692 0.47962 0.46521 0.35473 0.24105 -0.56429 0.22505 0.41668 0.19574 -0.50664 -0.16746 -0.45573 0.31734 -0.35999 -0.39662 -0.38881 0.29321 -0.32827 0.08841 0.25311 -0.26571 0.10138 0.06676 0.00646 -0.34720 0.01340 0.17038 0.15253 -0.13689 0.14316 0.00002 -0.24265 0.08251 -0.02595 -0.08990 0.02319 -0.07759 -0.10045 0.23504 0.05763 -0.07432 -0.27577 0.12660 -0.09843 0.18892 -0.14290 0.22631 0.07357
-0.50036 0.51605 0.02969 0.35766 -0.64904 0.30204 0.49704 -0.26283 0.51391 0.19449 -0.44344 0.38077 0.60787 0.44076 0.38528 -0.45503 0.34096 -0.44461 0.41264 0.51404 -0.58564 -0.41335 -0.40303 -0.40959 0.61215 -0.52763 -0.64719 -0.40167 0.41345 0.82882 0.36731 0.13517 0.00324 -0.01633 0.33243 -0.28238 -0.09963 -0.23029 0.10723 0.29579 0.12033 -0.03013 0.32243 -0.28335 -0.19748 -0.24398 0.17001 -0.25644 -0.28327 -0.07662 -0.19978 0.01108 0.05918 0.28399 0.35327 -0.08966 0.41327 0.18650 -0.00692 0.44542 0.11212 -0.48991 -0.03488 0.02213 0.21050 -0.26132 0.34281
0.18134 -0.33133 -0.08800 -0.23194 0.11910 -0.20748 -0.15807 0.08229 -0.22102 -0.07241 0.25790 -0.22132 0.02439 -0.07934 -0.19795 0.34433 -0.21485 0.09317 -0.22767 -0.32198 0.39634 0.16172 0.18008 0.20174 -0.16008 0.35110 0.30011 0.08902 -0.22772 -0.28248 -0.11835 -0.06367 -0.13411 -0.17043 -0.17420 0.07114 -0.16256 -0.26744 0.19135 -0.24307 0.10714 -0.14521 0.07443 0.35073 -0.02957 0.32259 -0.01616 0.02839 -0.08328 -0.19760 -0.02678 -0.00891 0.13798 -0.15170 -0.02640 -0.19873 -0.05766 -0.03560 0.12884 -0.13415 -0.04085 0.14667 0.07120 0.12367 -0.10074 0.15160 -0.13040
0.53125 -0.47123 0.13779 0.37708 0.52688 -0.38871 -0.57265 0.45877 -0.58294 -0.20943 0.44961 -0.53513 -0.39639 -0.51955 -0.52912 0.46040 -0.58461 0.39377 -0.39578 -0.54792 0.49201 0.50842 0.46255 0.52486 0.28224 0.51497 0.03105 0.58597 -0.53762 0.13852 -0.37327 -0.52069 0.01302 0.12120 -0.13319 0.11794 -0.10582 -0.03599 0.12413 -0.18236 0.10185 0.05147 0.15117 -0.00639 -0.16783 -0.03100 0.18896 -0.06526 -0.20170 -0.08977 -0.07150 0.20398 0.07580 -0.16396 0.11995 0.01140 0.03619 0.18329 0.09596 0.16604 -0.19637 -0.09352 0.08066 0.04907 -0.22025 0.05393 0.10178
-0.58524 0.52507 -0.04056 0.16152 -0.36500 0.30916 0.17391 -0.03590 0.20013 0.22267 -0.52791 0.11858 0.56499 0.12700 0.11287 -0.40674 0.14935 -0.31087 0.27655 0.36909 -0.17570 -0.11526 -0.22577 -0.26792 0.51022 -0.78705 -0.87346 -0.56021 0.27130 0.70342 0.23132 0.17260 -0.22202 -0.32030 0.02291 0.25617 -0.20831 -0.12755 0.17653 0.23651 -0.14562 0.12404 0.17830 -0.14841 -0.08187 -0.25635 0.12119 -0.26024 -0.23022 -0.06115 -0.40493 0.17123 -0.20080 0.18900 0.22702 0.16052 0.22056 0.23652 -0.11191 0.13327 -0.09075 -0.14617 0.02410 0.09606 -0.28571 -0.01008 0.23879
0.51494 -0.47008 0.11977 0.34095 0.40939 -0.48631 -0.39287 0.41091 -0.49556 -0.45276 0.51298 -0.35001 -0.22249 -0.48002 -0.50694 0.35722 -0.50189 0.52479 -0.49099 -0.47368 0.45822 0.53221 0.32661 0.40002 0.23650 0.40183 0.01139 0.34753 -0.54289 0.16189 -0.49757 -0.46763 0.00743 0.20481 -0.11989 0.19550 -0.23259 -0.06485 0.06539 -0.09055 0.03206 -0.11192 0.20659 -0.01715 -0.18109 0.02271 0.00618 -0.25631 -0.25398 -0.05486 -0.22279 0.21918 0.21495 -0.04924 0.07706 -0.14870 0.23970 0.18405 -0.06354 0.23503 -0.22528 -0.04968 -0.03782 0.20842 -0.16535 0.04891 0.13891
-0.72236 0.61970 0.04716 0.18120 -0.69698 0.64688 0.57349 -0.15280 0.61529 -0.01093 -0.61302 0.38852 0.60257 0.36597 0.37397 -0.73724 0.58585 -0.57618 0.47356 0.69523 -0.55417 -0.40436 -0.45215 -0.61585 0.52366 -0.81906 -0.76890 -0.41394 0.63557 0.71753 0.51919 0.14173 0.27273 -0.05740 0.41732 -0.06890 -0.10152 -0.30937 0.08315 0.57936 0.29030 -0.33037 0.43914 -0.40937 -0.53084 -0.51891 0.46554 -0.16705 -0.42486 -0.09142 -0.12549 0.43269 0.10832 0.38341 0.50955 -0.22903 0.53881 0.16361 0.16761 0.47606 0.09900 -0.55481 0.31224 0.19739 -0.05232 -0.32265 0.43014
0.17499 -0.19418 0.00312 -0.27959 0.15844 -0.01008 0.02588 0.06174 -0.02747 0.31339 -0.02149 -0.13594 0.03843 -0.27099 0.01039 0.19962 0.01496 -0.02768 -0.18685 0.02909 0.08576 0.08852 -0.04765 0.15615 -0.04126 0.11307 0.10111 -0.16716 -0.00683 -0.14653 -0.12341 0.12441 -0.08281 0.05797 -0.04164 -0.07400 -0.00227 0.08485 -0.02715 -0.06541 -0.10775 0.03278 -0.29620 0.03019 0.15772 0.20133 -0.20509 0.09135 0.17732 0.09197 0.16797 -0.10255 -0.10939 0.09435 -0.28497 0.22425 -0.35426 -0.05674 -0.04888 -0.32645 0.19087 0.44418 -0.20548 -0.26436 0.20948 0.01156 -0.24079
0.44226 -0.57911 0.21348 0.25486 0.38100 -0.51127 -0.42976 0.33735 -0.45347 -0.03832 0.63616 -0.29244 -0.39439 -0.44882 -0.51128 0.44195 -0.33137 0.42345 -0.49973 -0.63369 0.38848 0.44371 0.52708 0.56591 0.18157 0.41773 0.14944 0.32592 -0.47832 0.05369 -0.42534 -0.28785 -0.06245 0.37306 -0.14537 0.13421 -0.06359 0.08358 0.02495 -0.26414 0.12135 -0.03088 -0.07047 0.16814 -0.12763 0.05538 0.07927 0.02409 -0.10429 -0.10691 -0.14255 0.06459 0.04946 -0.14316 0.08056 -0.00393 0.09666 0.07627 0.12264 0.06073 -0.04629 -0.06648 0.22059 0.05749 -0.01237 0.22742 -0.05426
0.17030 -0.03669 0.03923 0.03988 0.08369 -0.30696 -0.24075 0.39069 -0.37523 0.12446 0.16315 -0.38086 0.36637 -0.44106 -0.43600 0.19302 -0.29383 0.38234 -0.25399 -0.30783 0.30895 0.37580 0.25975 0.31630 -0.06533 0.03288 -0.15054 0.03799 -0.47813 0.29495 -0.24651 -0.17690 -0.38521 -0.20049 -0.21508 0.17499 -0.23145 -0.07270 0.13965 -0.36288 -0.06493 -0.02026 -0.01162 -0.09431 0.10290 0.07884 -0.00903 -0.21729 0.01847 0.01792 -0.32016 0.12126 -0.02490 -0.10856 0.02892 0.09625 -0.10173 -0.02267 0.05560 -0.03602 -0.20366 0.13043 0.01131 0.14481 -0.16636 0.10846 0.01326
0.42710 -0.24362 -0.33661 0.04767 0.51758 -0.28815 -0.47109 0.32812 -0.31060 -0.26998 0.24953 -0.31632 0.08200 -0.37236 -0.29824 0.43350 -0.28905 0.28913 -0.49959 -0.38336 0.63379 0.33244 0.45138 0.40552 -0.49359 0.26330 0.42516 0.44100 -0.33298 -0.14385 -0.28810 -0.19801 -0.31271 -0.33831 -0.51086 0.17068 -0.20743 -0.30517 0.19134 0.10373 -0.16164 0.09494 -0.15562 -0.13285 0.04017 -0.07567 -0.09322 -0.10784 0.08939 0.12588 -0.28702 0.22359 -0.07685 -0.03988 0.01021 0.08780 0.14241 -0.09998 -0.22877 -0.06761 -0.16321 0.06251 -0.20419 0.09170 -0.34069 0.13025 -0.07817
0.61385 -0.62313 0.02808 0.11301 0.58545 -0.62700 -0.48935 0.39481 -0.61209 0.19032 0.43895 -0.52874 -0.15143 -0.55965 -0.44800 0.67872 -0.55283 0.46007 -0.55681 -0.60007 0.40169 0.63855 0.64979 0.70445 -0.09070 0.66972 0.09564 0.36487 -0.50752 -0.12593 -0.39834 -0.23351 -0.11382 0.27845 -0.18033 0.11396 -0.11402 0.04598 0.05421 -0.18024 0.21097 -0.07356 0.10975 0.16534 0.04264 0.17324 0.11485 -0.04874 0.01837 -0.06986 -0.01648 0.08779 0.16534 -0.25760 -0.02999 -0.23638 0.05979 0.08874 0.12376 0.06759 -0.05487 -0.05654 0.10857 -0.02281 -0.21259 0.24567 -0.07971
0.12888 0.06303 -0.07407 0.01534 0.14297 0.06595 -0.04018 -0.05091 0.00148 -0.07310 -0.09591 -0.02273 -0.02904 -0.05046 0.07610 0.11328 0.02726 0.05036 -0.07256 -0.00462 -0.03235 0.16944 0.06620 -0.06417 -0.00370 0.11036 0.05633 0.06736 -0.04190 -0.03662 0.02433 0.02169 -0.04405 -0.06910 0.05524 0.09641 -0.00281 0.12518 0.12313 -0.06390 0.02166 0.13494 -0.02229 -0.04367 0.13622 -0.00907 0.05328 -0.02423 0.04259 0.00483 -0.01325 -0.09216 0.12663 -0.00970 0.03546 -0.04498 -0.11774 0.01846 -0.10936 -0.14529 -0.11600 0.01045 -0.10693 0.01094 -0.05170 0.16563 -0.16318
-0.72208 0.54888 0.18683 0.25401 -0.61335 0.43495 0.43352 -0.10220 0.53015 0.00697 -0.56506 0.50370 0.70256 0.37814 0.35132 -0.63323 0.58189 -0.55450 0.42418 0.55185 -0.49133 -0.46006 -0.39957 -0.61951 0.55001 -0.73874 -0.82006 -0.60297 0.48521 0.70931 0.42138 0.02642 0.09784 -0.02006 0.17916 -0.18087 -0.10395 -0.21689 0.05196 0.39539 0.15378 -0.10577 0.33309 -0.21564 -0.42915 -0.29872 0.16091 -0.08591 -0.20693 -0.15975 -0.05408 0.19688 -0.03644 0.26592 0.39052 -0.19344 0.31346 -0.02509 0.22494 0.35819 0.18465 -0.47629 0.18435 -0.01749 0.01858 -0.30522 0.38867
0.31626 0.24560 0.04092 0.44530 0.12380 -0.02448 -0.15934 0.29309 -0.28358 0.38545 -0.24969 -0.19074 -0.07924 -0.30891 -0.29282 0.00928 -0.16175 0.06913 0.15940 0.18132 0.13491 0.14151 0.29296 -0.13141 0.50740 -0.15168 -0.40336 -0.19507 -0.29118 0.45550 -0.11077 0.00524 -0.25561 -0.13085 -0.22266 0.21098 -0.11728 -0.08328 0.11029 -0.29142 -0.27599 0.21704 -0.05738 0.01148 -0.06296 -0.00508 0.06356 -0.13983 -0.06032 0.29763 -0.06114 0.12754 -0.11563 -0.03484 0.05839 0.32691 -0.06413 0.08314 -0.08745 0.01212 0.01681 -0.08387 -0.23054 0.09129 -0.16853 -0.03043 -0.16294
0.29021 -0.33473 -0.32886 -0.23037 0.43423 -0.19817 -0.27950 0.12192 -0.27625 -0.42815 0.40729 -0.13712 0.06813 -0.31867 -0.39126 0.12947 -0.34059 0.34357 -0.30341 -0.17293 0.30627 0.40716 0.30745 0.19006 -0.16863 0.35872 0.41364 0.45023 -0.41274 -0.14774 -0.33682 0.09450 -0.32214 -0.28840 -0.28452 0.32815 -0.29366 0.10804 -0.03707 -0.09546 0.04944 -0.04618 -0.20828 0.17053 0.04111 0.22149 -0.04942 -0.27381 0.15910 -0.04659 -0.22915 0.25569 0.00190 -0.30356 0.00569 0.05049 -0.08637 -0.21493 0.07787 -0.01926 -0.24490 0.11234 0.08361 0.17960 -0.47952 0.13274 -0.22107
0.10573 -0.09558 0.02696 0.29425 0.36277 -0.19846 -0.30321 0.06967 -0.27397 -0.29737 -0.06672 -0.44624 -0.14016 -0.31645 -0.39930 0.14573 -0.29416 0.51524 -0.20321 -0.12672 0.20430 0.22087 0.31080 0.14386 0.54919 0.36509 -0.33625 0.53138 -0.49730 0.58607 -0.28389 -0.31439 0.10882 0.26800 0.05882 -0.05787 0.15365 0.17068 0.03106 -0.16386 0.05873 0.02804 -0.14911 0.06421 0.13501 0.04064 -0.18288 -0.04552 0.11047 -0.11150 -0.00366 -0.16760 -0.04013 -0.12915 -0.14896 -0.09010 -0.24939 0.08426 0.03046 -0.07445 -0.14945 0.29627 0.14809 0.06388 -0.01514 0.00012 -0.16378
0.29173 -0.27053 0.07137 0.12731 0.14680 -0.23932 -0.29501 0.13703 -0.15726 -0.09776 0.10483 -0.17212 0.25662 -0.29552 -0.23759 0.19049 -0.32859 0.25959 -0.19520 -0.22138 0.11775 0.17888 0.24455 0.26654 -0.19773 0.42545 0.26286 0.30867 -0.33067 -0.35153 -0.24531 -0.40743 -0.00134 0.02734 -0.22558 0.25952 -0.19898 0.01614 0.13073 -0.23894 0.10670 -0.03709 0.00259 0.19822 -0.13505 0.17013 -0.06986 -0.03908 0.00954 -0.02984 -0.01191 -0.00431 0.16842 -0.13126 0.10087 -0.16751 -0.02601 0.09304 0.15137 0.11534 -0.21163 0.07934 0.22334 0.20128 -0.04781 0.06345 0.02712
-0.79566 0.66645 0.27346 0.15141 -0.70584 0.53337 0.59428 -0.27455 0.50811 0.12278 -0.49990 0.45439 0.68710 0.50259 0.57473 -0.57264 0.60146 -0.60712 0.61747 0.53873 -0.53005 -0.49106 -0.44292 -0.52285 0.49880 -0.86068 -0.85700 -0.45615 0.50181 0.70219 0.65573 0.04193 0.18348 0.10454 0.26915 -0.08929 -0.01721 -0.37392 0.05874 0.41788 0.13796 -0.27936 0.28633 -0.21602 -0.42729 -0.51369 0.35835 -0.29566 -0.27418 -0.16709 -0.03146 0.15029 0.09794 0.31279 0.52634 -0.24421 0.49524 0.11104 0.09546 0.50402 0.20320 -0.51927 0.04719 0.09883 0.01549 -0.25249 0.25351
0.14596 -0.21014 -0.31336 -0.16910 0.30993 -0.36572 -0.25835 0.28760 -0.24482 -0.01010 0.44001 -0.13839 0.47145 -0.29412 -0.20477 0.34217 -0.37503 0.25381 -0.19968 -0.25104 0.30674 0.22647 0.28602 0.20519 -0.30662 0.02112 0.31764 0.20414 -0.58395 -0.31457 -0.20350 -0.03160 -0.26297 -0.32110 -0.26737 0.16109 -0.30562 0.08235 0.12841 -0.04180 -0.09725 0.12583 -0.05101 0.01162 -0.07111 -0.03660 0.09365 -0.38928 -0.09713 0.08029 -0.27415 0.10254 -0.00278 0.04780 0.23606 0.08073 0.00729 0.04787 -0.08455 -0.00321 -0.14691 -0.02215 -0.12209 0.01075 -0.18594 0.14168 -0.06673
0.51802 -0.32079 -0.15986 -0.26056 0.26459 -0.30264 -0.20815 0.02728 -0.27650 0.07911 0.33199 -0.10034 0.11885 -0.26135 -0.05584 0.35388 -0.28741 0.31640 -0.28675 -0.24803 0.32426 0.24423 0.10516 0.24314 -0.43816 0.25942 0.30619 0.25106 -0.21714 -0.36144 -0.13803 0.02862 -0.13233 -0.17946 -0.25539 0.18839 -0.19387 -0.09690 0.14428 -0.47579 0.25421 -0.04417 0.05762 0.29505 -0.04222 0.46963 -0.02019 -0.07115 -0.02633 -0.02348 -0.17383 -0.02419 0.26146 -0.35967 -0.07513 -0.16685 0.01048 0.14812 0.16002 -0.09920 -0.12819 0.09597 0.06973 0.00626 -0.25692 0.13051 -0.06050
0.34458 -0.35274 0.06732 0.16332 0.42599 -0.40668 -0.29973 0.14211 -0.25211 -0.17013 0.26782 -0.18718 -0.28414 -0.43063 -0.37382 0.21798 -0.29494 0.33276 -0.40445 -0.37601 0.28253 0.23222 0.37624 0.20173 0.30792 0.25768 -0.05909 0.39014 -0.35449 0.09103 -0.25089 -0.33201 0.00682 0.10001 0.09228 0.07732 -0.24017 -0.08520 0.07820 -0.19811 0.17293 -0.13412 0.13438 -0.04064 -0.15095 -0.01382 0.16950 -0.25005 -0.24357 0.00072 -0.23390 0.22115 0.07010 -0.13577 0.24929 -0.14104 0.00928 0.00213 -0.06512 0.03359 -0.08100 -0.10285 0.17164 0.03733 -0.05274 0.20271 0.10402
0.10512 -0.15299 -0.00625 0.11629 0.29445 -0.19832 -0.10603 0.11702 -0.17350 0.01824 0.41583 -0.30841 0.26686 -0.29691 -0.23629 0.24758 -0.23144 0.23587 -0.23736 -0.13686 0.37491 0.37612 0.14295 0.03429 -0.33077 0.08366 0.09604 0.07107 -0.33685 -0.07198 -0.18741 -0.20846 -0.48744 -0.32715 -0.34603 0.00927 -0.31858 -0.30881 0.26143 0.19928 -0.22505 0.19275 0.11354 -0.29244 -0.33758 -0.31382 0.28354 -0.16921 -0.13894 0.27831 -0.05980 0.10521 -0.20430 0.20015 0.19233 0.12920 0.17605 0.18808 -0.31306 0.15698 -0.20176 -0.21040 -0.29150 0.11472 -0.24140 -0.04415 0.40818
0.27388 -0.32892 -0.09030 -0.35154 0.24455 -0.22593 -0.34107 0.16019 -0.32794 0.01216 0.38178 -0.05265 -0.06642 -0.04952 -0.21306 0.38464 -0.19615 0.32444 -0.29862 -0.41563 0.29229 0.09960 0.19458 0.34302 -0.23527 0.24461 0.29920 0.41523 -0.39523 -0.13929 -0.19804 -0.16559 -0.06062 -0.06035 -0.25151 0.10279 -0.00999 -0.01681 0.00646 -0.49978 0.14808 -0.17788 -0.02395 0.36953 0.13837 0.42936 -0.02940 -0.04982 0.00534 -0.26832 -0.05398 0.03034 0.20857 -0.16700 0.14245 -0.10273 -0.09431 0.07905 0.25796 -0.14200 -0.07020 0.12022 0.21837 0.20337 -0.12970 0.13650 0.01368
0.13303 -0.44404 -0.21037 0.16622 0.46960 -0.39030 -0.31102 0.28320 -0.45210 0.15112 0.27725 -0.38757 -0.21019 -0.23846 -0.42089 0.41119 -0.34880 0.45706 -0.37290 -0.29860 0.29556 0.28451 0.43681 0.44113 -0.25331 0.29503 0.23649 0.11465 -0.29825 -0.06096 -0.41654 -0.33663 -0.21122 -0.30962 -0.48249 0.11017 -0.03208 -0.06639 0.24910 0.04927 -0.01890 -0.05110 0.02680 -0.05873 -0.41228 0.11140 0.33163 -0.16075 -0.11277 0.12152 -0.16060 0.20513 0.06189 -0.27540 0.12255 0.07748 0.19058 0.41803 0.05572 0.06242 -0.12005 -0.03437 -0.10256 0.22667 -0.24884 0.22887 0.37214
0.52852 -0.51906 0.15709 0.07840 0.53637 -0.52765 -0.37885 0.28843 -0.32624 -0.14454 0.48123 -0.40859 -0.26156 -0.38746 -0.39265 0.51060 -0.37087 0.48299 -0.57686 -0.38820 0.33862 0.51717 0.41394 0.37076 0.22586 0.32746 0.10289 0.39602 -0.56032 -0.09150 -0.43770 -0.18159 -0.05593 0.32349 -0.02907 -0.01982 0.00780 -0.05149 0.04902 -0.28359 0.17517 -0.00213 -0.16767 0.11487 0.14544 0.03248 0.05642 0.10083 -0.01243 0.00419 0.06282 -0.00742 0.09980 -0.15768 0.01702 -0.16514 -0.15643 0.13974 0.08854 -0.04138 0.05165 0.02956 0.11816 -0.04850 0.05729 0.17288 -0.04844
0.02291 0.00028 0.04934 -0.27674 -0.04955 -0.05543 -0.04488 -0.08875 0.01152 0.49271 0.18320 -0.03051 0.11461 -0.08801 0.12447 -0.10282 0.04174 -0.08736 0.05058 0.04409 0.08472 -0.07060 0.01577 0.05505 -0.19302 0.09189 0.11152 0.05829 -0.31363 0.07424 -0.04975 -0.05185 -0.15507 -0.09975 0.02558 -0.17876 0.18649 0.19464 -0.01635 -0.14135 -0.36939 0.31110 -0.33234 -0.07713 0.35737 0.43814 -0.09646 0.22760 0.22693 0.17019 0.19310 -0.38277 -0.23989 0.00666 -0.28325 0.12077 -0.28933 -0.07114 -0.29666 -0.24739 0.18781 0.30200 -0.20011 -0.37721 0.24065 -0.05869 -0.37689
0.43983 -0.48643 -0.04399 0.25629 0.30349 -0.42405 -0.41592 0.49109 -0.38267 -0.10495 0.48002 -0.53103 -0.15748 -0.16725 -0.40128 0.33605 -0.35298 0.30195 -0.52517 -0.46178 0.48907 0.52962 0.38249 0.49275 -0.30635 0.23236 0.34830 0.31436 -0.07264 -0.40837 -0.45950 -0.41039 -0.29917 -0.25712 -0.33452 0.23773 -0.21794 -0.22219 0.27764 -0.10755 0.07966 -0.00748 0.08887 0.09981 -0.12476 0.18483 0.11780 -0.15974 -0.13921 -0.00086 -0.13028 0.24677 0.16224 -0.16462 0.17829 0.11468 0.18776 0.06887 0.05137 0.09734 -0.43545 -0.18047 0.09446 0.08457 -0.33404 0.18766 0.24645
