-0.09925 0.11128 0.13622 -0.11135 -0.16957 -0.24228 0.05715 -0.03726 -0.14184 0.08952 -0.19220 -0.09675 -0.16740 -0.18608 0.17038 -0.12751 -0.04864 -0.03983 -0.02218 -0.10730 0.08837 -0.10953 -0.21312 -0.12219 -0.02519 -0.00943 -0.03451 -0.13630 0.16065 -0.20981 0.05987 -0.04988
-0.18072 0.12363 -0.17035 0.01207 0.01395 -0.07828 -0.14945 -0.02044 -0.06151 -0.21489 -0.19337 -0.11076 -0.01304 -0.30392 0.08697 -0.07726 0.10565 -0.23788 -0.16255 -0.04292 -0.20360 -0.11682 -0.23025 -0.23609 0.15514 -0.15670 -0.16819 -0.02364 -0.14320 -0.04313 -0.08513 -0.14797
-0.06057 0.11476 0.04353 0.14580 -0.10105 -0.19205 0.14247 -0.13587 -0.28980 -0.00305 -0.04487 -0.10567 0.02048 -0.15882 -0.02145 -0.08102 -0.03781 -0.27221 0.13504 -0.04650 0.09343 -0.01223 -0.27541 -0.23381 -0.09213 0.04292 -0.21346 -0.08087 0.03209 -0.16429 -0.08705 0.16030
0.01063 0.07244 0.19034 -0.24524 0.06225 0.07147 0.28766 0.29612 0.06938 0.09926 0.13037 0.25128 0.06753 -0.15393 -0.02444 0.23657 0.11769 0.39695 0.07789 0.05732 0.36935 0.23343 0.32218 0.12328 0.07554 -0.12804 0.31118 0.12727 0.11505 0.16539 0.05435 0.43426
0.08276 0.19725 -0.09497 -0.32134 -0.26314 0.12864 0.31013 0.27035 0.08926 0.19137 0.33095 -0.00314 0.13384 -0.26866 -0.43716 -0.02051 0.06770 0.15834 -0.10452 -0.13458 0.36598 0.26289 0.29723 -0.28434 0.05453 0.00956 0.13785 0.25106 0.04768 0.11734 0.22272 -0.05083
-0.00186 0.25332 0.05225 -0.34136 -0.42375 0.33470 0.31218 0.19842 0.01261 0.22986 0.36297 -0.02257 0.10735 -0.02290 -0.21470 0.11839 -0.04927 0.00611 0.08563 0.03865 0.16379 -0.06820 0.29371 -0.44043 -0.04304 0.12600 0.11543 0.11795 0.23755 0.24382 0.26708 0.17927
-0.07666 0.30652 0.15753 0.22929 -0.16311 -0.13376 0.15080 -0.10829 -0.13290 -0.25821 -0.11811 -0.16711 0.09464 -0.02750 0.11760 0.02312 0.16075 -0.09980 0.16296 0.06991 0.05953 0.24249 -0.28542 -0.06637 0.06131 -0.14451 -0.18413 0.06073 -0.30459 -0.15633 -0.04706 -0.02555
0.31768 0.53500 -0.05308 0.41667 -0.03359 0.04174 0.44155 0.03832 -0.10086 0.10590 -0.19480 0.09791 0.42536 -0.01577 0.13483 0.65984 0.09957 -0.17966 0.09868 0.12476 0.11747 0.87174 -0.22598 0.42025 0.31346 0.03161 0.00116 0.08218 0.20771 0.02734 -0.16875 0.20297
-0.25054 0.41859 0.17254 0.22847 0.03885 -0.13563 0.16890 -0.14350 -0.15326 -0.13855 -0.20600 -0.05333 -0.12780 0.00175 0.23118 0.08631 -0.15579 -0.11504 -0.16261 -0.00408 -0.15211 0.42354 -0.05806 -0.27805 -0.16435 -0.21873 -0.15796 -0.08840 -0.15043 -0.04481 0.03243 -0.22874
0.11052 -0.13878 -0.00691 -0.02285 -0.03294 0.39507 0.23468 -0.06589 0.23269 -0.11396 0.26616 0.08320 0.15375 -0.17256 -0.40831 -0.04714 -0.12522 0.21689 -0.37602 -0.11653 -0.19002 0.29048 0.28368 0.04651 0.11176 0.03203 0.09855 0.26303 0.16283 -0.18541 0.12458 0.06046
-0.09663 -0.00863 0.07067 -0.27576 -0.38133 0.26820 0.16716 -0.21140 -0.21979 0.06842 0.12826 0.05197 0.09239 -0.19574 -0.30992 0.11027 0.03377 0.16233 -0.50412 -0.26739 -0.04306 0.10691 0.18813 -0.25706 0.14681 -0.10517 0.18706 0.15213 0.08956 0.12745 0.26410 0.06824
-0.11978 -0.09804 -0.05043 -0.19593 -0.08616 0.36394 0.14418 0.03294 0.11202 0.20440 0.35376 -0.04929 -0.08538 -0.15518 -0.32518 -0.05378 -0.12341 0.19871 -0.39761 -0.18344 -0.08513 0.41047 0.39810 0.02006 0.01155 0.21097 0.15669 0.26648 0.04237 -0.07232 -0.04012 -0.00159
0.07919 0.06156 -0.15737 -0.28962 -0.12025 0.09807 0.18872 -0.06214 0.29732 0.19140 0.24302 0.03743 -0.05102 0.07172 -0.21449 0.01164 0.09906 0.11990 -0.11456 -0.15444 -0.12817 0.09050 0.20680 -0.09686 -0.01734 0.14686 0.24487 -0.02103 -0.14553 0.19059 0.29547 -0.00201
0.12437 0.03698 0.21358 -0.35444 0.09245 0.34540 0.15467 -0.02182 -0.06514 0.11583 0.34535 0.18594 -0.01083 -0.01719 0.02402 0.24768 0.19018 0.26709 -0.15871 -0.27732 0.00811 0.26275 0.11351 -0.18954 0.14505 0.13862 0.34915 0.17762 -0.00352 0.27258 0.16988 -0.22735
0.16324 0.07537 0.21988 -0.34061 0.05767 0.22651 0.13346 0.06588 0.11338 -0.12095 0.22289 0.23599 0.00049 0.07720 -0.17234 0.01257 0.08070 0.21815 0.03356 -0.10981 0.28649 0.21220 0.25654 -0.18222 0.00512 -0.00787 0.16612 0.21633 0.07753 0.12223 0.24179 -0.08919
-0.03625 0.12264 0.27814 -0.04922 -0.10321 0.41196 0.13541 -0.01309 0.18176 -0.04857 0.48189 0.29280 0.13605 -0.12228 -0.21805 0.06384 0.01681 0.18103 -0.13807 -0.25648 0.17873 -0.04599 0.40168 0.20816 0.01787 0.05485 0.23176 -0.00964 0.14883 0.18240 0.27931 -0.25220
0.08293 -0.07441 -0.03386 0.06930 0.08351 0.24102 -0.05443 0.05791 0.10450 -0.17616 0.26925 0.06306 0.01604 -0.08606 -0.00144 0.16708 -0.11022 0.41631 -0.03477 -0.14393 0.10025 0.12023 0.44981 -0.21005 -0.05085 -0.01545 -0.01629 -0.04220 0.00978 -0.05453 0.12551 -0.08046
0.21167 0.15602 0.05067 -0.43754 -0.25430 0.00125 0.01990 0.13095 0.04395 -0.03397 0.41784 0.14427 -0.02063 -0.02964 -0.23112 -0.00229 -0.05299 0.21003 -0.33391 -0.13195 -0.03370 0.02536 0.13197 -0.23123 0.01489 -0.01498 -0.06946 -0.02350 0.06366 -0.04361 -0.02105 -0.28416
0.01571 0.15137 -0.11427 -0.01786 -0.01927 0.23317 0.24274 -0.12669 0.01588 0.02488 0.03560 0.21241 -0.17399 0.09325 -0.02751 -0.04274 0.10834 0.24956 -0.14231 0.04295 -0.12272 0.14806 0.27055 0.01769 0.25709 -0.09665 0.20969 0.17774 -0.07670 -0.02021 0.30539 -0.21630
-0.04157 -0.06393 -0.03488 -0.13316 0.08170 0.19217 0.13073 0.02358 -0.05041 -0.11378 0.19187 -0.00259 0.08076 0.08985 -0.14993 -0.00484 0.20016 0.27244 0.01755 0.01801 -0.11146 0.17062 0.02832 0.12939 0.01747 -0.00294 0.25184 0.30178 0.23937 0.09111 0.22883 -0.12801
0.12350 0.10617 0.11010 -0.05041 -0.14137 0.14217 0.22711 -0.07638 0.12415 0.13775 0.34251 -0.00111 0.04995 0.10737 -0.24916 0.12308 -0.05932 -0.00906 -0.34593 -0.14045 -0.09363 0.17727 0.22415 0.11735 0.26382 -0.11011 -0.03067 0.04332 -0.01383 -0.04337 0.22599 -0.32088
-0.17758 0.04763 -0.17865 0.02789 0.24645 0.20234 0.17127 -0.19678 0.21684 -0.14151 0.07371 0.04043 -0.19719 0.03098 0.08523 0.05619 -0.03410 0.08819 0.41414 0.02751 -0.15356 -0.08069 0.08508 -0.08577 0.08008 -0.07730 -0.10486 0.03279 -0.16027 0.12087 0.11971 0.07928
-0.19555 -0.21775 -0.02560 -0.13592 0.41055 0.34642 -0.04705 -0.03827 0.40626 0.32702 0.07920 -0.35250 -0.14456 0.09832 -0.03034 0.09105 -0.22949 0.04795 0.57471 -0.08054 -0.15404 0.06997 0.27406 0.15277 0.11896 0.54213 -0.14439 -0.20624 0.05757 -0.18549 -0.24061 0.09712
-0.16543 0.12073 -0.06887 -0.15695 0.34630 0.23377 0.03128 -0.18930 0.15344 0.12607 0.18387 -0.23100 -0.17413 0.03977 -0.21032 0.09173 -0.05918 0.17807 0.41203 0.11312 -0.11980 -0.19417 0.04784 0.05670 -0.12974 -0.01898 0.00333 -0.12317 -0.07882 -0.16034 -0.04518 -0.07336
0.22432 0.25901 -0.06052 -0.32660 -0.16933 0.34508 -0.04991 0.23350 0.07393 -0.14644 0.23865 0.01004 0.01836 0.04104 0.01578 0.24997 0.03007 0.24497 -0.26443 -0.22503 0.02851 0.01969 0.22259 0.40825 -0.10819 0.15182 0.21107 -0.05820 0.15171 0.28443 -0.11187 -0.18039
0.16966 0.22691 0.20851 -0.27648 -0.55940 0.10091 -0.09732 0.32760 -0.13347 0.15374 0.33006 -0.06054 -0.00754 -0.60199 -0.25547 0.20375 -0.15806 0.10988 -0.44644 -0.18106 0.24107 0.05287 0.14731 -0.31528 -0.04264 -0.00451 -0.08199 0.20071 -0.01058 0.32819 -0.06303 -0.05446
0.09614 0.01126 0.12155 -0.26742 -0.11089 0.09044 0.15331 0.23220 0.03363 0.05055 0.45795 -0.01679 0.09133 -0.14624 0.07769 0.26516 -0.12900 0.34496 -0.34854 -0.17161 0.14980 0.09353 0.40532 0.26097 0.05477 -0.08116 0.24967 -0.01238 0.12396 0.29018 -0.19393 -0.19490
-0.06515 0.09031 -0.11042 0.03060 0.02676 0.22603 -0.02638 -0.12909 0.02281 0.12462 0.14541 0.03785 0.11023 0.14599 -0.02267 -0.09363 -0.16917 0.16274 0.13786 -0.06756 -0.07945 0.03048 0.06139 0.21346 -0.00306 -0.00532 -0.08662 0.05396 0.00061 0.04170 0.10808 0.07520
0.00034 -0.01362 -0.08929 0.15964 0.22487 0.07701 0.17657 0.07811 0.17936 -0.02857 0.14771 -0.03101 0.01757 0.22154 -0.02979 0.05517 -0.05705 0.10674 0.10267 0.10994 0.08650 0.08412 0.03529 0.23870 0.12420 0.05413 -0.06521 -0.08011 -0.25987 0.01566 0.13507 -0.22879
0.04626 -0.00354 -0.16459 -0.00694 0.05697 -0.05679 -0.11032 -0.05653 0.01969 -0.19614 -0.03225 -0.02260 -0.04876 -0.02818 0.07542 -0.00261 -0.15808 -0.06326 -0.03607 -0.06743 0.04170 0.16538 -0.10667 0.07513 0.15360 -0.26415 -0.14691 0.04715 -0.16316 -0.00231 0.11106 -0.31236
