-0.07412 -0.03719 -0.21254 0.25931 0.28115 -0.20001 -0.04077 0.32367 -0.07120 0.15645 -0.09537 -0.28517 -0.16016 0.06379 -0.26988 0.45436 -0.18224 0.06990 -0.33442 -0.37242 0.24240 0.28097 0.29904 0.31111 -0.39712 -0.03513 0.23128 -0.10334 -0.01100 -0.04481 -0.24703 0.00144 -0.03393 -0.40962 -0.26613
0.13912 -0.14028 0.08645 -0.01400 0.10356 -0.24731 0.12020 0.01165 -0.11175 0.25048 0.02162 0.02701 -0.03748 -0.20129 -0.16869 0.02165 0.10381 0.20912 0.05072 -0.03069 0.17027 0.20909 0.11280 -0.01247 -0.00343 0.21699 0.15582 0.07797 -0.02235 -0.00317 -0.14932 0.01612 -0.05665 0.15471 -0.13927
-0.08385 -0.01257 0.11566 0.13020 0.09897 0.02879 0.07596 -0.00612 0.10018 0.08674 0.12003 0.10049 -0.06861 0.04197 0.10975 -0.05271 -0.07811 -0.07134 -0.10177 -0.01583 0.10534 0.01301 -0.10565 0.15027 -0.02019 0.02361 0.17818 0.21661 -0.06312 0.01686 -0.00066 -0.08044 -0.06608 -0.03299 -0.17069
0.15459 -0.15780 0.15179 0.00017 0.05099 -0.17489 0.10473 0.16449 0.12563 0.07783 -0.09303 0.01011 0.02587 -0.08901 -0.23371 0.29014 -0.12824 0.02645 -0.09262 -0.38540 -0.04480 0.12794 0.17615 -0.14502 -0.09890 -0.06542 0.15986 0.09326 -0.36900 -0.00936 -0.10773 0.09545 -0.23503 0.08977 -0.18462
0.16592 -0.13626 -0.06957 -0.19620 0.32193 0.04137 -0.24870 -0.06602 -0.43917 0.10524 0.04769 -0.19589 0.03968 -0.10480 0.01790 0.00337 -0.12968 -0.04365 -0.02602 -0.05847 0.02241 0.18602 0.17465 -0.13854 -0.15259 0.25343 0.09885 -0.11454 -0.01329 0.06205 -0.12760 -0.08777 -0.12043 0.05089 -0.19348
-0.19891 0.03493 0.05959 -0.04301 0.17025 -0.29465 -0.03283 0.08265 -0.03436 0.19135 0.11292 0.05987 -0.25614 -0.23894 -0.03079 0.03369 0.15255 0.03227 -0.15255 -0.32301 0.06034 0.06474 -0.11863 -0.04872 -0.05992 -0.01495 0.28679 0.08027 -0.04177 0.16231 0.01923 0.05226 -0.03520 0.13069 -0.19640
-0.11124 -0.28971 0.10810 -0.29665 -0.23849 -0.30118 0.27512 -0.05468 0.21771 -0.00112 0.38951 0.35723 -0.21194 0.34347 0.23567 0.19051 0.23531 -0.42604 -0.35029 -0.24690 -0.09764 -0.07066 -0.04698 0.09255 -0.49945 -0.15702 0.33309 -0.34214 -0.18610 -0.37215 0.06113 0.13449 0.25883 -0.30941 0.03855
0.28874 -0.28764 0.22478 -0.41062 -0.35963 -0.22744 0.03962 0.06776 0.14805 0.13040 0.17171 0.10244 0.06922 0.09767 0.01904 0.01525 0.03767 -0.10758 -0.22360 -0.20859 -0.39408 -0.32412 0.05881 -0.03012 -0.05784 0.07962 0.33684 -0.21306 -0.00444 -0.50703 -0.16051 0.02350 -0.09564 -1.52346 0.36750
-0.04250 -0.22519 0.01419 -0.47037 0.23707 -0.05979 -0.11076 0.24985 -0.41088 0.11114 0.12502 -0.00364 0.16687 0.36525 0.29175 0.34128 -0.56137 -0.16698 -0.21666 -0.44991 0.21459 0.37038 0.14738 -0.04008 -0.46122 0.13236 0.15220 0.15579 -0.09011 -0.02393 0.17414 -0.16173 0.54944 0.34876 0.20673
0.04251 -0.12012 0.08895 -0.00516 0.00836 -0.15842 -0.24946 0.17788 0.21239 0.13378 0.41526 -0.20293 -0.18452 0.13626 -0.19657 -0.11716 0.09318 0.17212 -0.23438 -0.08339 0.09225 0.23074 -0.11741 -0.22421 -0.02485 -0.00499 -0.11648 0.17811 -0.19843 -0.03332 -0.30246 -0.08302 -0.06790 -0.13407 -0.34084
0.16048 -0.32224 0.13422 -0.48469 -0.14515 -0.09161 0.17593 -0.37159 -0.03053 0.30177 0.32859 0.17099 0.17602 0.20168 -0.02527 0.25869 0.16509 -0.11815 -0.44758 -0.29248 -0.28746 0.06608 0.13181 0.15762 -0.53544 -0.19510 0.29577 0.09088 -0.29889 -0.32220 0.06836 0.42140 -0.01470 -0.19253 0.14153
-0.24448 0.08441 -0.39641 -0.47422 0.30788 -0.10363 0.22089 -0.51442 -0.18325 0.11271 -0.11132 -0.10755 -0.96505 0.26198 0.10468 -0.09875 0.30468 -0.29921 -0.17071 -0.18774 0.10348 0.17192 -0.42902 0.01209 0.09883 -0.31915 -0.13893 -0.21660 0.01572 0.25994 0.11972 0.43341 0.74819 0.14746 -0.14795
0.01186 -0.31240 0.32796 -0.55964 -0.25272 -0.14184 0.14907 -0.00939 -0.04740 0.30158 0.05639 0.13122 -0.00055 0.30856 0.21402 0.35243 -0.30452 -0.25247 -0.38373 -0.14945 0.08081 0.22713 -0.16764 0.04832 -0.54859 0.02249 0.20308 -0.16323 -0.25480 -0.14683 0.05516 0.28237 0.38092 -0.24752 0.11224
0.13830 -0.26001 0.43871 -0.36213 -0.39349 -0.26229 -0.14379 -0.24084 0.33198 0.53172 0.18618 0.22142 0.31777 0.04052 0.03525 0.02067 0.28403 -0.16501 -0.10696 -0.34791 -0.34611 -0.20250 -0.17500 -0.14026 -0.09370 -0.18900 0.32262 -0.44283 -0.41747 -0.46710 -0.09679 0.17973 0.10502 -1.10659 0.31460
-0.55403 0.37696 0.01935 -0.40719 0.25299 0.18912 0.09362 -0.30660 0.30858 0.08030 -0.21524 0.16396 -0.74070 0.56571 -0.00307 0.18368 0.16356 -0.11072 0.01085 -0.13905 -0.05295 0.15669 -0.22727 -0.31565 0.22076 -0.33938 0.01584 -0.24854 0.32500 0.46457 0.13547 0.24204 0.67895 0.80043 0.11293
0.14376 -0.15593 0.01408 -0.07444 0.30731 0.03118 -0.18800 0.41132 -0.08724 0.28398 -0.00776 -0.11109 0.08381 0.12690 0.10916 0.13254 -0.29689 0.29535 -0.11757 -0.40970 0.16132 0.09217 0.05900 0.22160 0.01609 0.48683 -0.10896 0.00135 -0.11692 0.03017 -0.25427 0.00369 -0.13262 -0.11366 -0.24070
-0.23547 -0.15563 0.48909 -0.19813 -0.21523 -0.14980 -0.09618 -0.10733 0.21489 0.23878 0.19050 0.25267 -0.06846 0.30302 0.13509 0.10838 0.06455 -0.34995 -0.38753 0.05723 0.08469 -0.32007 -0.29646 -0.14466 -0.27631 0.06418 0.33954 -0.52074 0.04310 -0.23064 0.24358 -0.11932 0.34737 -0.85090 -0.03566
0.35034 -0.25029 0.51307 -0.28280 -0.04634 -0.16170 -0.23098 0.68254 0.06281 0.48587 -0.12979 0.13617 0.28008 -0.35706 0.00420 0.01837 -0.03817 0.17991 0.27500 -0.08182 -0.08546 -0.59353 -0.20727 0.18985 0.27197 0.07409 -0.47793 -0.89165 -0.85409 0.30996 0.09094 -0.27044 -1.37769 -0.53268 -0.09259
-0.02643 -0.37914 -0.07013 -0.32926 -0.12342 -0.04372 -0.33989 -0.04840 -0.02453 0.15073 0.38559 -0.22412 0.43727 0.05411 -0.08135 0.20929 -0.19951 0.25416 -0.13474 -0.19630 -0.08416 0.19021 0.28865 0.16887 -0.54748 0.26362 0.18839 0.06859 0.08284 -0.29377 -0.05851 -0.16856 -0.00668 -0.31142 0.12487
0.12929 -0.25383 0.04966 0.12081 0.17555 0.01153 -0.11196 0.05010 0.06461 0.04810 -0.00956 0.05450 0.13866 -0.07014 -0.19813 0.10331 -0.10638 0.20087 -0.22708 -0.01882 0.07894 0.08471 0.17095 0.06704 -0.24537 -0.03648 -0.00268 0.17991 -0.06193 -0.06842 -0.12579 0.00979 -0.12078 0.11454 -0.12231
0.35498 0.02959 -0.58874 -0.05080 -0.21841 0.20617 -0.11442 0.10502 -0.14021 -0.01928 0.22678 0.24376 0.64482 0.11337 0.33250 0.06699 -0.31956 -0.08676 0.06743 0.06068 -0.15820 -0.10380 0.48290 0.17881 -0.45900 0.06428 0.16738 0.52471 0.09987 -0.21650 0.15646 0.14750 0.55357 0.87307 -0.34817
0.20490 -0.46090 0.37942 -0.72024 -0.44699 -0.33476 0.15461 -0.05999 0.21309 0.22764 0.25780 0.17902 -0.12441 0.03079 -0.04612 0.08917 0.19199 -0.36272 -0.10047 -0.38559 -0.43305 -0.11734 0.10081 0.19784 -0.37853 -0.15896 0.27259 -0.24185 -0.41056 -0.58819 -0.05032 0.26715 0.03534 -0.74858 0.39694
0.35626 -0.67306 -0.38527 -0.21533 -0.16682 -0.15479 -0.09334 -0.16077 0.11419 -0.32997 0.43449 -0.11626 -0.00328 -0.25108 -0.12124 -0.11367 0.22802 -0.13844 0.10740 -0.34096 -0.62562 -0.21773 0.13958 0.14105 -0.31150 0.23373 0.03025 0.36211 -0.24651 -0.39654 -0.28033 0.11005 0.10459 1.65099 -0.29277
-0.20978 -0.25689 0.08235 -0.37094 -0.41494 -0.17322 0.07309 -0.06924 0.26900 -0.28532 0.38431 0.14564 0.32791 0.01197 0.05443 0.14919 -0.12881 -0.17192 -0.20048 -0.35666 -0.44567 0.18272 0.07406 0.16920 -0.33358 -0.24278 0.44136 0.34280 -0.00911 -0.39617 0.14240 -0.07247 0.17003 -0.65879 0.32116
0.33534 -0.10538 0.55945 -0.24028 -0.27230 0.09747 -0.05325 -0.00117 0.29567 0.55759 0.21824 0.40317 0.97826 0.01934 -0.01075 -0.18484 0.15388 0.03586 0.06237 -0.00225 -0.22761 -0.53102 -0.08871 -0.02530 0.09079 -0.08197 -0.18441 -0.30817 -0.70844 0.09792 -0.25244 -0.21968 -0.43774 -0.99586 0.16571
0.19333 -0.11105 0.07881 0.00247 0.07308 -0.09510 -0.29936 0.04363 0.04657 0.22362 0.12569 0.19377 0.03886 0.18680 -0.16812 0.07818 -0.25493 -0.15246 -0.16503 -0.14677 0.13981 0.14583 0.13033 0.09526 -0.06322 0.13475 0.12272 -0.11811 -0.16203 -0.16979 -0.30052 -0.20362 -0.13944 -0.02064 -0.21681
0.27831 -0.34156 -0.17023 -0.50141 0.22745 -0.43780 -0.21392 -0.13196 -0.56645 -0.63123 0.95589 -0.10679 0.18856 -0.01449 -0.28392 0.55229 -0.56300 0.31677 -0.40883 -0.57149 0.20159 0.21907 0.33436 0.56103 -0.19863 -0.12595 0.32863 0.72209 -0.79242 -0.19611 -0.16120 -0.01768 -0.16352 0.00744 0.13578
0.03147 -0.17630 -0.12628 -0.11033 0.05907 0.00094 0.04854 -0.00162 -0.15968 0.00102 0.03875 -0.17141 -0.08468 -0.11715 -0.09945 0.23439 -0.42136 -0.00230 -0.14121 -0.23166 0.34191 0.39068 0.12899 0.14805 0.03122 0.17384 -0.00131 -0.05787 -0.27491 0.05125 0.06211 -0.17602 -0.07161 -0.01459 -0.25909
0.25164 0.09164 0.03767 -0.52473 0.34124 -0.07385 0.02812 -0.13789 0.19680 0.41445 0.08910 0.17954 -0.89330 0.23818 0.07029 0.37249 0.17433 -0.01426 -0.11965 -0.09426 -0.00500 0.04383 0.39273 0.20575 -0.03210 -0.07055 0.19833 -0.52234 0.13982 0.01606 -0.26714 0.24035 -0.35649 -0.36582 -0.16676
0.04567 0.00265 0.02285 -0.03381 0.22822 -0.03274 -0.03003 0.26629 -0.04528 0.19049 0.16758 -0.05059 0.01212 -0.23721 -0.03194 0.29375 -0.23474 -0.19137 -0.08191 -0.08484 0.12568 0.08915 -0.05770 -0.03179 -0.07202 0.08243 0.02377 -0.19317 -0.00756 -0.12937 -0.19499 0.00012 -0.09510 -0.17203 -0.15454
-0.07258 -0.10077 0.17591 -0.52659 0.21045 -0.30938 -0.06887 -0.19878 0.01132 0.66142 0.39997 0.10831 -0.39684 0.09477 0.01996 0.35354 -0.00060 -0.48820 -0.26911 -0.14450 0.26291 0.03312 -0.15222 -0.04457 -0.73303 0.05493 0.35168 -0.34602 -0.27367 -0.00454 0.07164 0.38231 0.45493 0.13201 0.02341
-0.05069 -0.30706 0.27521 0.03041 -0.45155 -0.27354 -0.08602 0.25102 0.20770 -0.09627 0.20382 0.15640 0.56969 -0.12249 -0.10193 -0.16825 0.09156 -0.22545 -0.06468 -0.03061 -0.31278 -0.18917 -0.04325 0.11219 -0.10934 0.09233 0.21040 -0.23476 -0.10872 -0.48131 0.13644 -0.04513 -0.06019 -1.49568 0.11278
