0.00256 -0.10956 0.17262 0.14181 0.07653 -0.09657 0.11480 -0.26392 0.12725 0.07378 0.20775 0.01237 -0.09316 0.03747 -0.19660 -0.15379 0.02253 -0.21347 0.11753 -0.13817 0.06086 -0.06564 -0.11365 -0.17539 -0.27696 0.09687 -0.15596 0.05861 0.11225 -0.02731 -0.09332 -0.36183
-0.05157 -0.16370 -0.03275 0.00289 -0.01139 -0.08684 0.09804 -0.15715 -0.12555 -0.06985 0.05234 0.32653 -0.22791 -0.05839 -0.32226 -0.06400 0.01263 -0.22103 0.10559 0.00087 -0.01918 -0.16020 -0.09803 -0.08157 -0.13658 -0.00629 -0.01039 -0.19414 0.01001 0.15922 -0.09860 -0.06272
0.00291 -0.13238 -0.09698 0.06580 -0.07650 0.04252 0.14985 -0.18160 -0.01383 0.04419 -0.09718 0.05288 -0.14859 -0.16873 -0.19042 0.03443 -0.21810 -0.33365 0.05996 -0.10030 -0.02951 -0.17050 -0.13893 -0.06941 -0.33704 -0.10081 -0.01228 -0.14508 -0.03510 -0.04963 0.06642 -0.26962
0.01772 0.07220 -0.01283 0.03196 -0.13485 0.07992 0.04700 0.20509 -0.17846 0.07071 0.06932 0.16250 0.04787 0.15938 -0.12856 -0.01227 0.06166 0.16702 -0.17268 -0.01289 0.08795 -0.12800 -0.07424 0.03129 0.24304 -0.03003 -0.11809 0.47942 0.23642 0.00628 -0.14630 0.16843
0.00462 0.01143 -0.06737 0.04529 -0.14295 0.05284 0.07525 0.11191 -0.10700 -0.00064 -0.01134 0.01416 -0.09470 0.25495 0.27773 0.09797 0.23680 0.20428 0.12981 0.11708 -0.04130 0.00781 0.10544 0.11428 0.03067 -0.13707 0.24497 0.34351 0.16833 0.02942 0.15231 -0.00853
-0.12736 -0.17010 0.14243 -0.00160 -0.08140 0.05982 -0.04551 -0.16883 0.03788 0.03237 -0.15724 0.04115 0.05257 0.05579 -0.06055 -0.08879 -0.02898 -0.12654 -0.18509 -0.11456 0.03869 0.07911 -0.03610 -0.02887 -0.26150 0.16916 0.20164 0.12122 -0.10261 0.06155 -0.13459 -0.14344
0.04714 -0.03990 0.16952 -0.06817 -0.15787 -0.08416 -0.18484 0.41090 -0.15142 -0.12438 -0.09836 0.06860 -0.16440 0.18254 -0.14338 0.08337 0.24324 0.09221 0.00645 -0.09902 0.13785 0.09965 0.02127 0.27543 -0.10529 -0.01941 -0.14508 0.04248 0.34982 -0.06737 -0.13601 -0.02257
-1.27550 -0.07154 -0.04317 0.02106 0.16647 -0.02395 -0.28842 -0.22266 -0.17169 -0.03907 -0.12639 -0.49738 -0.02580 -0.39651 -0.50451 -0.39640 -0.23610 -0.37628 -0.16975 0.12207 -1.05876 -0.22698 -0.22509 -0.26791 -0.53208 -2.18550 0.78816 -0.08916 -0.22556 0.08420 -0.27525 -0.26135
-0.96113 0.13282 -0.09657 0.09538 0.06186 -0.04303 0.02675 -0.05943 -0.08698 -0.07688 -0.18751 -0.39955 0.05106 0.04214 -0.08316 -0.51941 -0.12899 -0.39550 0.14829 0.07192 -0.15166 0.05039 0.39110 0.27795 -0.43804 -2.17947 -0.89861 -0.15751 -0.08435 0.27096 -0.19962 -0.06630
-1.15293 -0.03609 -0.08192 0.01949 0.06943 0.06842 -0.35485 -0.17184 -0.33982 0.07914 0.08896 -0.38721 -0.24813 -0.33644 -0.15256 -0.44055 -0.38369 0.36487 -0.22027 0.22826 -0.20925 -0.07308 -0.18018 -0.03304 0.33578 -1.98068 -0.02747 -0.22848 0.16853 0.12885 -0.43178 -0.06898
0.43374 -0.08364 -0.15441 0.08577 -0.19134 -0.09187 -0.25753 -0.37491 -0.36706 0.33820 -0.09861 -0.39915 -0.09250 -0.49581 -0.25995 -0.34040 -0.04670 -0.56769 -0.10098 0.08152 -0.07067 -0.42088 0.73337 -0.10510 -0.44371 0.35150 -0.60925 -0.18476 -0.28427 -0.03434 -0.55634 -0.41436
-0.21152 -0.11688 0.19338 0.15986 0.02574 0.17973 -0.54382 -0.44905 -0.45723 0.04690 -0.69387 -0.66899 -0.48491 -0.27264 -0.55043 0.41562 -0.48924 -0.43060 -0.27141 -0.04925 0.05260 -0.45283 -0.20263 -0.48018 -0.32507 0.45573 0.33684 0.37573 -0.39243 0.08413 -0.23864 -0.48713
-0.02607 0.19216 0.06697 0.07190 0.15637 -0.07741 -0.18383 -0.12471 -0.05486 0.02395 -0.21429 0.23274 -0.34921 -0.27417 0.25242 -0.10599 -0.25656 0.08365 -0.52002 -0.23612 1.18366 -0.33017 -0.02737 -0.59983 0.10649 0.30542 -0.00249 -0.08477 -0.11260 -0.19674 0.03659 -0.27842
0.28152 0.24701 0.06741 0.05050 0.01440 0.10388 0.04235 0.29828 0.00497 0.03728 -0.28784 0.23511 0.25387 -0.03209 -0.18342 -0.49841 0.46163 0.07084 0.29161 0.11765 -0.66122 0.11345 -1.34268 0.03786 -0.11923 -0.18645 -0.47016 -0.01164 -0.20067 0.15593 -0.13204 0.57433
-0.09406 -0.01078 0.15605 -0.12555 0.11875 -0.46578 -0.07933 -0.06768 -0.35652 -0.09297 -0.28727 -0.15435 -0.26503 -0.20315 -0.22817 0.06897 -0.11100 0.04885 0.01282 -0.11278 -0.22254 -0.11584 -0.15726 -0.20573 -0.20091 -0.11198 -0.03091 -0.08837 -0.03256 0.11957 -0.02041 -0.14909
-0.01487 0.39150 0.14860 -0.32668 -0.12428 -0.42353 -0.36692 -0.30969 -0.45077 -0.03195 -0.15316 -0.36005 -0.23800 -0.28319 -0.19798 0.15311 -0.25290 -0.21919 -0.35923 -0.10386 -0.10283 -0.17562 -0.02287 -0.25509 -0.09481 -0.15749 -0.17672 0.27091 -0.23603 -0.09177 -0.16553 -0.23877
0.02246 0.32442 0.55958 -0.22816 -0.05369 0.05325 -0.08841 -0.14666 -0.19604 0.10792 -0.07520 -0.25855 -0.20706 -0.10385 -0.32309 0.16530 -0.30824 -0.07919 -0.31004 0.05676 0.01074 -0.15989 -0.03017 -0.07314 -0.30257 -0.11927 -0.34195 -0.00251 -0.19616 -0.08016 -0.17313 -0.17278
0.16437 0.02042 -0.41675 0.36057 -0.04470 -0.27228 -0.17009 -0.09926 -0.15488 0.02960 -0.03090 0.13385 0.01512 -0.11010 -0.15018 -0.00357 0.02361 0.06907 -0.01769 0.03093 -0.01801 -0.17253 -0.13786 -0.15253 -0.21295 0.07601 -0.06498 -0.00011 -0.11490 -0.00351 0.05054 0.05902
-0.13465 -0.11628 -0.37613 0.30761 -0.02410 -0.05753 0.27066 0.39806 0.05409 -0.11960 0.10665 -0.17792 0.26151 0.33459 0.08864 0.11498 0.37392 0.16093 0.25913 -0.09075 0.31157 0.14482 0.16566 0.10883 0.08151 0.14107 0.18907 0.08296 0.09158 0.12321 0.12281 0.15502
-0.04999 0.14295 0.90387 0.09987 -0.02441 -0.31356 0.09693 0.07487 -0.11495 0.24520 -0.13861 0.38141 0.01904 -0.00899 0.19277 0.14926 0.05362 -0.04920 0.15670 0.11106 -0.02777 -0.01594 0.09339 0.18506 0.04417 -0.03484 -0.09918 -0.02728 -0.07997 -0.00622 0.04200 0.09591
-0.25753 -0.03864 -0.11471 0.33081 0.14387 -0.18638 0.15504 -0.13530 -0.09128 -0.03091 -0.11767 0.38530 -0.09153 0.10320 0.25047 -0.15122 0.16909 0.11440 -0.10291 0.16921 -0.38542 -0.09139 0.01977 0.00947 0.06401 -0.05188 -0.16321 -0.27833 0.04446 0.13611 0.13054 0.04765
-1.35928 0.00017 0.04999 -0.23340 -0.20414 -0.14475 0.07881 -0.16979 -0.22207 0.00925 -0.11578 -0.31163 -0.06140 -0.15803 -0.47527 -0.22464 -0.31391 -0.17101 0.05248 0.17792 0.63328 -0.06234 -0.07334 -0.18236 -0.15839 -2.55041 -0.53507 -0.30468 -0.16215 0.00011 -0.27894 -0.03911
-1.68649 0.19093 0.02358 -0.09924 -0.00122 0.13193 -0.15011 0.02354 -0.47776 0.07536 -0.24353 -1.17000 -0.25685 -0.29874 -0.84007 -0.51147 -0.13765 0.37985 -0.23002 0.30102 -0.79324 -0.13092 -0.91199 -0.47296 0.09783 -2.62901 -0.29057 -0.31125 0.06987 0.24896 -0.15702 -0.07882
-1.91870 0.03534 0.15049 -0.14540 -0.22947 -0.08798 -0.02357 -0.49030 0.24119 -0.15849 0.12490 -0.31765 -0.26865 -0.20248 -0.21970 -0.25020 -0.67160 -0.05061 0.11233 0.24191 0.24173 -0.17768 0.02245 -0.30956 -0.32636 -2.54641 -0.51059 0.02545 -0.08594 0.13067 -0.04823 -0.64600
0.00778 0.30057 0.05873 0.13464 -0.07266 -0.04881 -0.09625 -0.10261 -0.28157 -0.10260 -0.19823 -1.05452 -0.17648 -0.45327 -0.38324 0.27862 -0.10672 0.05761 -0.24008 -0.15278 -0.39141 -0.05685 -0.19328 -0.10435 -0.05077 0.34579 -0.38276 -0.08518 0.21390 -0.04308 -0.01212 -0.02605
0.19992 0.13160 0.14750 -0.13565 -0.40042 -0.01729 0.63430 1.04319 -0.13485 0.02280 0.72073 0.27178 0.57911 0.65466 0.14694 -0.43027 0.99129 0.58143 -0.20563 -0.18289 -0.11535 0.89224 -0.45449 0.14141 0.76980 0.20398 0.10458 0.03490 0.59066 0.28477 0.33935 1.26558
-0.08791 -0.03200 0.06169 -0.04927 -0.18696 0.04973 -0.10208 -0.01488 0.00101 0.04723 -0.00107 -0.31259 -0.42824 0.05961 0.00296 0.81782 0.07717 -0.04137 -0.30695 -0.04532 0.33440 -0.08091 -0.68972 0.13337 0.02526 0.30934 0.33459 -0.09286 0.00372 0.32325 -0.03862 -0.05700
0.05130 -0.10920 0.14058 -0.10070 0.32754 -0.01083 0.03209 -0.67079 -0.24064 -0.01373 0.10920 -0.07667 0.16855 -0.25979 0.20723 -0.05809 -0.16854 0.24922 -0.06469 -0.08653 -0.11772 0.09327 -0.85238 -0.65564 0.17154 0.18450 0.27741 0.23822 0.28350 -0.01068 0.02269 -0.50310
0.65519 0.16019 0.16040 0.01989 0.03392 -0.14069 -0.01322 -0.06905 0.06186 -0.24440 -0.15179 -0.22213 0.01656 -0.20902 -0.55660 0.41045 0.00262 -0.36029 0.20200 0.20754 -0.12729 -0.31386 -0.42410 -0.12807 -0.13419 0.28512 0.04984 -0.04508 -0.49893 -0.01372 -0.33082 -0.02109
0.01447 0.20793 -0.03004 -0.12515 0.08129 -0.08307 -0.28589 -0.09741 -0.38082 0.02321 -0.10578 -0.83772 -0.42961 -0.20159 -0.48131 0.20718 -0.44839 0.46980 -0.09669 0.12833 0.17507 -0.13379 0.10027 -0.16864 0.37605 0.23471 0.26808 -0.30833 0.11671 0.12363 -0.21695 -0.10410
0.12545 -0.12214 -0.03760 0.11271 0.07798 -0.09201 -0.22769 -0.28649 0.03244 0.00399 -0.22860 -0.59347 0.10531 -0.41083 -0.65415 0.20584 -0.04340 -0.16860 -0.04893 0.12707 0.61885 -0.26719 0.26535 0.02359 -0.25789 0.13383 -0.12248 -0.07196 0.24834 -0.10009 -0.28647 -0.35526
0.72830 -0.27326 0.15639 -0.08888 -0.05947 0.03149 0.04644 -0.07639 0.33682 0.19168 0.18770 -0.00154 0.35306 0.06006 0.16747 -0.27965 -0.12235 0.08307 0.40502 0.14233 0.02558 0.30446 0.13657 0.47868 0.01712 0.00400 0.44271 0.19619 -0.23502 0.09665 0.04143 -0.29707
-0.40591 -0.08286 -0.13320 0.09438 0.11958 0.00542 -0.31013 -0.56321 -0.10360 0.08329 -0.51423 -0.66176 -0.49857 -0.85423 -0.44495 -0.31018 -0.78108 -0.96057 0.13381 -0.31131 0.23574 -0.68233 0.22146 -0.29607 -0.74811 -0.04783 0.42402 0.04767 -0.23360 -0.14246 -0.36336 -0.80115
0.02809 -0.05062 -0.03091 -0.15697 -0.20157 -0.03808 -0.14783 -0.32112 -0.05783 -0.09843 -0.09116 0.10816 -0.07097 -0.06389 -0.04517 -0.26913 0.11219 0.17297 -0.35430 0.02577 -0.19822 -0.05895 -0.83283 -0.15813 0.13205 0.16090 -0.53500 0.10918 -0.25751 -0.06026 0.10278 -0.30523
-0.69501 0.06562 0.17834 0.11746 0.22951 -0.04808 -0.21404 0.45888 0.17603 -0.18062 -0.22554 -0.10593 -0.07635 0.26378 -0.07410 0.23348 0.20280 0.19027 0.28457 0.23265 -0.39013 0.07370 -0.52447 0.30550 -0.11692 0.06473 0.69080 -0.14046 -0.04553 0.14713 0.09451 0.29361
-0.10172 -0.08177 -0.01222 -0.10393 -0.01501 -0.18477 -0.51793 -0.72814 -0.73009 -0.05109 -0.65611 -0.56314 -0.74554 -0.76489 -0.67905 -0.43928 -0.44894 -0.14108 -0.77818 0.15350 -0.47299 -0.46289 -0.71002 -0.85763 -0.45740 0.17618 -0.57707 -0.10876 -0.25710 0.07122 -0.61859 -0.70232
-0.00262 0.25393 -0.03684 -0.05424 0.13573 -0.07224 -0.12015 -0.34143 0.27622 0.15987 0.05264 0.37934 0.05019 -0.23197 0.44741 -0.12442 -0.04598 0.13464 0.27914 -0.06358 0.62329 -0.17296 0.76919 -0.06317 -0.39429 0.28040 -0.34864 -0.09967 0.52872 0.01712 0.02113 -0.17863
0.05740 -0.05337 -0.02056 0.05333 0.18420 -0.00298 -0.04390 -0.24872 -0.13009 0.11325 0.02756 -0.13680 -0.13324 -0.15383 -0.16785 -0.12619 -0.31612 0.38504 -0.04155 0.09737 -0.03990 -0.15457 0.39680 -0.04663 -0.10257 0.28641 -0.20011 -0.17634 0.64122 0.03191 -0.02951 -0.40753
-0.11777 0.11572 0.08576 -0.16142 0.05338 -0.06791 -0.29233 -0.43031 -0.03263 0.08949 -0.15911 0.04392 -0.22584 -0.51243 -0.35820 -0.18297 -0.39932 -1.12837 -0.33428 -0.01621 0.05659 -0.34201 -0.50226 -0.07591 -0.77848 -0.07781 0.12565 -0.01911 -0.16930 -0.32743 -0.24439 -0.33744
-0.10441 -0.17687 0.14163 0.12552 -0.25534 -0.03519 0.19283 0.41059 0.38862 0.11678 0.18982 0.09984 0.22359 0.21794 0.30744 -0.05226 0.09730 -0.55710 0.32192 0.20011 -0.05331 0.41126 -0.21437 0.33887 -0.05025 -0.03488 0.30862 0.06529 -0.01829 0.13736 0.22816 0.22790
-0.02706 -0.26778 0.03714 0.06272 0.27366 0.03653 -0.01220 -0.29538 -0.04597 0.09021 -0.05023 0.34760 -0.12574 -0.10506 0.39309 -0.00392 -0.07516 -0.07976 -0.14728 0.00043 0.31121 -0.09565 0.88635 -0.07319 -0.27803 0.09216 -0.05412 0.13811 -0.28314 -0.17450 -0.09220 -0.37565
-0.02572 -0.05108 -0.06660 0.16243 0.01147 -0.00368 -0.04376 -0.39751 0.13378 0.05771 -0.06449 0.21586 0.11972 -0.24895 0.03018 -0.12895 0.03127 0.35877 -0.07356 0.04198 0.53275 -0.21170 0.13025 -0.17914 -0.05220 -0.00475 -0.12562 0.20684 0.11913 0.03535 0.25642 -0.22961
-0.88748 0.09992 -0.02171 -0.14589 0.10070 -0.07867 0.01212 -0.01393 0.11219 -0.05334 -0.34724 -0.56480 -0.15239 -0.12916 -0.26795 -0.44931 -0.25963 -0.29094 0.10480 0.06374 -0.62963 0.06319 0.46776 -0.18323 -0.30563 0.37903 -0.47313 -0.14476 -0.17638 0.20254 -0.07961 -0.34332
-0.73130 0.28419 0.13896 0.03259 0.10473 0.02505 0.00511 -0.05129 -0.16096 -0.24044 -0.32955 -0.11989 -0.29353 -0.20590 -0.36644 -0.22753 -0.04121 0.00303 -0.08119 0.14313 0.19335 -0.09640 -0.49942 -0.04806 0.14259 0.33808 -0.13115 0.00076 0.11574 0.22085 -0.05004 -0.23805
-0.76580 0.21358 -0.02201 0.04009 0.19176 0.09556 -0.29330 -0.37858 -0.13226 -0.02102 -0.14468 0.05510 -0.13336 -0.13082 -0.06600 -0.19330 -0.06562 -0.58428 -0.13770 0.09383 -0.08443 -0.42090 -0.21508 -0.42065 -0.25950 0.31635 -0.47578 -0.07995 -0.49450 0.02429 -0.20963 -0.21797
0.15754 -0.24674 0.09849 -0.11556 -0.18607 0.29730 0.15302 -0.00536 0.25042 -0.30200 0.28069 0.42328 0.08168 -0.25699 0.46753 0.39526 0.06734 -0.16400 -0.00610 0.23198 0.57740 -0.06552 -0.29805 0.08229 0.06553 0.16762 -0.10884 0.31037 0.14730 -0.10402 0.18009 -0.06773
0.15999 0.29032 -0.02695 -0.07231 0.03895 -0.19689 -0.01254 -0.05576 0.07316 -0.03978 0.35501 0.29758 -0.04822 -0.11057 0.42775 0.40170 -0.17554 0.71460 -0.12389 -0.10485 0.17343 -0.03893 1.03421 0.14739 0.52189 0.20933 0.32241 -0.09328 0.06165 -0.26917 -0.20801 0.21605
-0.00210 -0.24915 0.03568 0.16046 0.17927 -0.06669 0.04449 -0.11359 0.24861 -0.01251 0.35024 -0.10079 -0.01640 -0.22500 -0.09635 0.13144 -0.36842 0.06558 0.39685 -0.31735 0.04285 0.24932 0.80444 0.29629 0.03400 -0.15454 0.15529 0.24613 -0.43045 0.00467 0.10249 -0.05262
0.06983 0.12417 0.22989 0.06913 0.23427 0.02821 -0.00932 -0.22067 0.40215 0.10290 0.28882 0.02621 0.11797 -0.18103 0.00690 0.32464 -0.09842 -0.44033 0.02161 -0.14683 0.58919 -0.26136 0.52285 0.01643 -0.09264 0.13888 -0.25659 0.21060 0.06466 -0.09092 0.03245 -0.18807
0.00409 0.05663 -0.00370 0.10348 0.14869 0.05181 0.08159 0.09991 -0.20507 0.03136 -0.02384 -1.02792 -0.05924 -0.86258 -0.37394 0.09363 -0.60163 0.12451 -0.05161 0.05421 -0.26715 0.01776 -0.17108 0.04190 -0.07685 0.04855 -0.00809 -0.10092 -0.37619 -0.07578 -0.06458 -0.61760
0.05556 0.12842 -0.02127 0.09597 0.05715 -0.05571 -0.23322 0.25054 -0.14613 0.13315 -0.17501 -1.00212 -0.23542 -0.74186 -0.39964 0.04600 -0.85426 0.49257 -0.26292 -0.04759 -0.51432 -0.08156 -0.29073 -0.35643 0.02044 0.23479 -0.04140 0.11645 -0.30008 -0.10383 -0.20678 -0.57972
0.05990 -0.10159 -0.01664 -0.03055 0.16130 -0.06375 0.00342 -0.21061 -0.17358 -0.13296 -0.11701 -1.19655 -0.14092 -0.95750 -0.19990 0.02494 -0.99758 -0.06636 -0.03506 -0.17098 -0.58818 -0.04544 -0.35462 -0.20952 -0.14548 0.16477 -0.12327 0.17408 0.03814 0.08258 -0.24682 -0.97457
-0.10177 0.17188 -0.16226 -0.16879 -0.01274 0.05624 -0.14546 -0.17435 0.07231 -0.05930 0.19892 -0.18508 -0.10542 -0.23680 0.13029 -0.03135 -0.08847 0.03839 0.01009 0.08454 0.25137 -0.05411 -0.05700 0.14039 -0.14537 0.09941 0.05125 -0.10288 -0.09005 -0.12434 0.09919 -0.10467
0.06486 -0.17349 0.01021 0.08618 -0.11318 0.04374 0.28821 0.16839 -0.02035 0.00121 -0.00655 0.47312 0.12242 0.17650 0.41758 0.12712 0.38005 0.17702 -0.04471 0.04027 0.70663 -0.03279 0.22894 0.36283 -0.04304 -0.27594 -0.09927 -0.01679 0.00751 -0.16047 0.05780 0.44335
0.14722 0.14878 -0.12353 -0.05665 -0.08386 0.03242 0.32571 -0.00498 0.01911 0.09326 -0.13915 0.57547 0.07919 0.39727 -0.08096 -0.10842 0.53659 0.18539 0.12388 0.08997 -0.22411 -0.06777 0.06645 -0.03459 0.04347 0.03472 -0.27295 0.10447 0.00093 -0.03967 0.00517 0.30549
0.08188 0.11895 0.06085 -0.17106 -0.12655 0.11834 0.15074 0.36664 0.14150 -0.05178 -0.03493 -0.20545 0.15978 0.23139 0.05376 -0.17162 -0.24815 0.39572 0.12840 -0.05923 -0.13398 0.04108 0.16198 0.27544 0.11232 -0.22806 -0.22644 0.02558 -0.15354 -0.00060 -0.00426 0.03815
-1.17952 -0.00009 -0.07544 -0.02998 0.11865 -0.08485 -0.00742 0.43670 -0.41479 0.20633 -0.12024 -0.20880 -0.04462 -0.01869 -0.02042 -0.73774 0.06749 0.48570 -0.27798 0.13704 -0.78523 0.24121 -0.78117 -0.37988 -0.00080 0.03417 -0.49970 -0.27559 0.51745 0.04104 -0.17131 0.27470
-1.56252 0.01374 0.16150 0.10096 -0.02531 0.08605 -0.20049 -0.08518 -0.72856 -0.11297 -0.07344 0.08547 -0.29790 -0.48640 -0.08865 -0.29432 -0.33018 0.30982 -0.36895 0.08720 -0.68578 -0.41551 -0.52588 -0.64391 0.20684 -0.08012 -0.06356 -0.35314 -0.14436 0.08125 -0.38890 -0.38176
-0.42216 0.01239 0.15266 -0.10379 -0.01988 -0.21802 -0.18514 0.37324 -0.63631 0.13504 -0.09381 -0.23110 -0.16155 0.28966 -0.17882 0.04170 -0.14221 0.89476 -0.43697 0.18100 -0.89322 0.28990 -0.41339 -0.63331 0.43504 -0.06165 -0.44091 -0.19518 0.76111 0.03833 -0.18425 0.12852
0.49479 -0.28634 -0.01257 -0.11360 0.13423 -0.08812 0.21013 0.57599 0.40491 -0.08226 0.27431 0.55243 0.44263 0.35743 0.37336 -0.52442 0.43717 0.17735 0.44987 0.09721 -0.13075 0.30385 -0.44017 0.26155 0.35295 -0.04811 1.64131 0.14812 -0.01419 0.22386 0.34091 0.14101
0.02360 -0.21624 -0.01022 0.09556 0.10181 0.06377 -0.16836 -0.17394 0.33083 0.27687 -0.09265 -0.21141 -0.29382 -0.25657 -0.01459 -0.20509 -0.25962 -0.14264 0.23271 -0.03889 -0.48585 -0.42079 -0.51032 0.11430 -0.20254 0.05750 0.69663 0.15038 -0.42343 0.26474 -0.21356 0.07800
0.04725 0.19202 0.09321 -0.13161 -0.26403 -0.27623 0.47703 0.30977 0.36713 0.14758 0.24190 -0.14856 0.21971 0.16656 -0.22385 -0.21170 0.08737 0.01909 0.11692 -0.04470 0.28842 0.34503 -0.49515 0.33367 -0.00911 0.14263 0.18390 0.21956 0.11787 -0.25312 0.21984 0.11157
-0.44186 -0.07412 0.01072 0.06335 -0.17113 0.01867 0.28211 0.49043 -0.00090 -0.01416 0.62397 -0.05621 0.46493 0.81890 0.67334 0.14576 0.50642 0.43753 0.80755 -0.09591 -0.20591 0.44240 0.45283 0.49122 0.69279 -0.16384 -0.48523 0.12536 0.15950 0.03609 0.01903 0.68980
-0.09115 -0.03595 0.08583 -0.04378 -0.04457 -0.11785 -0.35473 -0.10984 -0.03988 0.11116 -0.19188 -0.20110 -0.36711 -0.19625 -0.24458 -0.10087 -0.24002 -0.08227 -0.37728 0.02940 0.12300 -0.15775 0.16874 0.00156 -0.27662 -0.06958 -0.04260 0.05288 -0.17833 0.14225 -0.17295 -0.30625
-0.06481 -0.14707 -0.04877 0.08691 0.00171 -0.16858 -0.24967 -0.03096 -0.15516 -0.14100 -0.20155 0.07402 -0.15172 -0.16793 -0.21651 0.11309 -0.12416 -0.05773 -0.17692 0.04986 0.11315 -0.08568 0.01829 -0.07791 -0.22687 -0.04046 0.16819 -0.12529 -0.20582 -0.17542 -0.08546 -0.25932
-0.09054 0.16289 0.07318 0.09418 0.03027 -0.15022 -0.22828 -0.27069 -0.10931 0.06020 -0.20387 0.01515 -0.30125 -0.29838 -0.01008 -0.15271 0.01515 -0.04395 -0.52524 0.15397 -0.04813 -0.19603 -0.13790 -0.35191 -0.10232 -0.17364 0.07258 -0.04368 -0.02907 -0.04328 -0.04470 -0.14821
0.05196 -0.07192 -0.12160 0.02251 -0.11283 -0.10959 -0.25678 -0.13970 -0.11812 0.13767 0.03345 -0.06243 0.05902 -0.01239 -0.26903 -0.01769 -0.11505 -0.14687 -0.02175 -0.05517 -0.08453 -0.08070 -0.11753 0.09355 -0.02969 0.16734 -0.03131 0.05773 0.03974 -0.14628 0.05283 -0.22814
-0.06381 -0.07916 -0.17246 0.00634 0.02896 -0.01314 0.31447 0.18801 -0.03220 -0.09642 0.07730 0.15293 0.08523 0.06293 0.15722 -0.03121 0.07398 0.14283 0.28792 -0.12053 0.07743 0.09657 -0.01836 0.31183 0.18489 -0.16855 0.16251 -0.00748 -0.00761 -0.09336 0.32579 0.17853
0.09764 0.11618 -0.06861 0.01500 -0.11435 0.14762 0.02301 0.22667 0.04479 0.10905 -0.01187 0.10015 0.20292 0.10224 0.09521 0.08614 -0.01892 0.00410 0.07843 0.08670 0.16419 0.07308 0.04189 -0.08763 0.01633 -0.08874 0.13100 0.00108 0.17136 0.09724 0.14986 0.11983
-0.01294 -0.14974 0.02848 -0.03916 -0.14859 0.16470 0.09720 0.02694 -0.17210 -0.16282 0.17941 0.02557 0.04281 0.00717 0.25078 -0.04250 0.22959 0.10080 0.00598 0.13188 -0.03376 0.28609 0.09029 -0.01706 0.12034 0.06214 -0.06413 0.13405 -0.09624 -0.05609 0.31045 0.27767
