-0.08181 0.01952 -0.22459 -0.13010 -0.14252 0.04740 -0.02932 0.14016 -0.01569 0.02937 -0.10918 -0.03475 -0.16888 -0.11708 -0.18629 -0.07770 -0.00827 0.02088 -0.22770 -0.15577 0.06421 0.08235 -0.08800 0.09482 -0.02849 0.01871 0.16007 -0.12902 -0.18776 -0.05492 -0.10308 0.10195
-0.21875 -0.08527 -0.41222 -0.32961 -0.21535 0.11558 0.05468 -0.14798 -0.08784 -0.08860 0.43764 -0.06714 -0.16585 -0.05295 0.13892 0.26017 -0.16848 -0.04321 0.13409 0.10636 -0.03812 -0.35426 -0.08734 -0.25278 0.03388 -0.23538 -0.04924 -0.36751 -0.05644 0.09290 -0.21127 0.39059
0.06587 -0.06984 0.07943 0.02769 0.08804 0.16974 -0.11815 -0.06478 0.06947 0.18321 0.12238 0.22637 0.03518 -0.07639 -0.01815 -0.10963 -0.20161 0.13357 0.10232 -0.21375 0.05594 -0.05175 -0.06586 -0.08348 0.06798 -0.10471 0.14336 0.07807 0.08674 0.09627 -0.24193 -0.14878
-0.09030 -0.01322 -0.14351 -0.34129 0.05241 0.08056 0.13396 -0.02723 -0.21742 -0.04515 0.34054 -0.06855 -0.10096 0.02292 0.06090 0.22460 -0.33544 0.02894 0.14732 -0.06598 -0.01550 -0.20688 -0.23340 -0.11304 0.08799 -0.01752 -0.04554 -0.29556 -0.31779 -0.07890 -0.16484 0.35802
-0.22002 -0.20974 0.04403 0.00541 -0.25942 -0.04536 0.24525 -0.00925 -0.03761 -0.04792 0.21930 0.26558 0.19673 0.10496 0.20662 0.13666 -0.38091 -0.23025 0.09579 -0.01614 0.06242 -0.24304 -0.54037 -0.14812 -0.04714 -0.08491 0.10988 -0.25555 -0.03661 -0.15737 -0.13038 0.37878
-0.04189 -0.06739 -0.11592 -0.07710 -0.02207 -0.03037 -0.08860 0.13861 -0.07611 -0.03600 0.21628 -0.02429 0.18835 0.00760 -0.44427 0.09883 -0.01652 -0.07215 0.03421 -0.20140 -0.04040 -0.18010 0.14496 0.04957 0.02353 -0.09742 -0.01173 -0.33138 -0.11979 0.00898 0.09414 0.11723
-0.24420 -0.11066 -0.30183 -0.18236 -0.22105 0.06408 -0.29509 -0.08513 0.00744 0.05533 0.11273 -0.08099 -0.16644 -0.21254 0.05652 0.29690 -0.02913 -0.05054 0.00681 -0.07524 0.05464 -0.18930 -0.20315 -0.17155 -0.13340 -0.25867 0.15451 -0.47635 -0.18915 0.18478 -0.03334 0.24750
-0.17123 0.02917 -0.17869 -0.15659 -0.10296 -0.02618 -0.30350 0.05939 0.02207 0.14945 0.05987 -0.23141 -0.06960 -0.12496 -0.14147 0.00927 0.02496 0.08283 -0.09579 -0.02008 0.03037 -0.19644 0.08359 -0.17431 0.00244 -0.03270 -0.26902 0.00826 0.05441 -0.10135 -0.13134 -0.12770
-0.52077 0.07509 -0.18170 -0.22976 -0.11139 0.06441 0.09708 -0.04089 -0.03017 -0.11055 0.15857 0.10926 -0.03440 -0.06490 -0.00448 0.05560 -0.23715 0.05761 -0.09521 -0.02180 0.25021 -0.15574 -0.35634 0.05660 -0.00577 -0.20557 -0.15698 -0.09004 0.02336 0.09121 -0.15221 0.07063
-0.08183 -0.00786 -0.10766 0.01838 0.05589 -0.00365 -0.03976 -0.10897 0.12225 -0.15106 0.05020 -0.05944 -0.08529 0.03176 -0.13323 -0.00516 0.03472 -0.13125 -0.01094 0.07529 0.06997 -0.02225 -0.16438 -0.04671 0.06140 -0.06450 0.06710 0.03451 -0.09230 -0.02941 0.05363 -0.02213
