-0.12134 -0.17939 0.24343 0.07578 -0.02980 0.04294 0.11542 0.14607 0.06388 0.07761 -0.02671 -0.14064 0.10524 0.05936 -0.14914 0.23557 0.03458 0.25016 -0.18226 0.00253 0.05069 0.20641 -0.05069 0.10857 -0.02854 0.20375 0.00994 0.32380 -0.19450 0.02477 -0.13235 -0.25055 -0.16616 0.30878 0.17050
0.27198 0.08415 -0.39433 -0.00504 0.07416 -0.22294 0.01435 -0.06431 -0.22773 -0.24534 -0.05074 0.06520 0.11423 0.07030 0.07338 0.27283 -0.11190 0.17463 0.02658 -0.03355 0.26204 0.20630 0.17019 0.00782 0.11353 0.06135 -0.02537 -0.08918 -0.14711 -0.12728 0.04916 0.08148 -0.13457 0.09102 0.16421
0.10295 -0.00880 -0.15948 0.16855 0.16948 -0.17930 0.12905 0.12366 -0.20700 0.16094 -0.10491 -0.19163 0.18583 -0.05619 -0.21379 0.01979 -0.10237 -0.03935 -0.06342 0.15982 0.10103 0.01761 0.04371 0.09844 0.16248 -0.18282 -0.11374 -0.02302 -0.09567 0.18564 -0.16769 0.12541 0.19305 0.07433 -0.13692
-0.18465 0.00969 -0.24321 0.25305 -0.12571 -0.42646 -0.20943 -0.01880 0.00989 -0.31072 0.24403 0.02923 -0.09465 0.11514 -0.16691 0.28365 -0.02720 0.22330 -0.06283 -0.31407 0.22153 0.05318 0.08938 0.01496 -0.11460 -0.16209 -0.01783 0.04568 -0.04991 -0.10821 0.15929 -0.03755 -0.40903 -0.21542 -0.03383
0.17849 0.12464 -0.00510 -0.04765 0.11206 -0.22127 -0.20236 0.12130 -0.13260 0.14866 -0.08445 -0.15507 -0.15212 0.07290 -0.05090 0.22374 0.05545 0.12331 -0.06454 -0.11085 0.02905 0.09415 0.11796 -0.07875 0.21213 -0.01883 -0.16072 -0.06942 -0.00949 0.19643 -0.19169 0.11544 0.10860 0.28312 0.20918
-0.08487 0.09231 0.05234 -0.00754 0.05753 0.00170 0.11219 -0.03420 -0.06635 0.02605 0.01313 -0.09184 0.03452 0.08354 0.04013 -0.01391 -0.03753 0.07474 -0.06853 -0.04662 -0.09746 0.13020 -0.01524 -0.02073 -0.03769 0.18155 0.11273 -0.11583 -0.09721 -0.08852 0.02588 -0.05280 -0.06099 -0.01355 -0.00403
0.04767 0.04945 -0.08112 0.20631 0.36383 0.01398 -0.31297 0.29561 -0.25621 0.08034 -0.16263 -0.36305 0.04229 -0.18471 -0.13329 0.09571 -0.34748 0.26624 -0.00087 -0.09846 0.06934 0.02907 0.13151 0.25378 -0.10759 0.44668 0.02452 0.02731 0.16881 0.00237 -0.05423 -0.11391 -0.15069 -0.23640 -0.02441
0.24596 -0.26183 -0.00554 0.09627 0.10096 -0.01667 -0.27801 -0.06255 -0.09273 -0.04874 -0.05616 -0.04113 0.24724 0.20164 0.09427 -0.08395 -0.28869 -0.19938 0.04640 0.00544 -0.05805 -0.19883 0.29424 0.37602 -0.04085 -0.24043 0.00250 -0.13192 0.08972 -0.30181 -0.22288 -0.08775 0.06621 0.07289 -0.19255
-0.01484 -0.13326 0.05989 -0.05472 0.05812 0.07122 0.00404 0.01869 0.06542 0.02279 -0.07544 0.15870 0.03654 -0.08575 -0.05214 -0.03431 0.07005 0.05433 -0.15680 -0.08997 0.19480 0.13016 0.13277 0.09355 0.06127 -0.04344 -0.06749 -0.15290 -0.13140 -0.00693 -0.10562 -0.05751 -0.02871 -0.07090 -0.10557
0.20542 -0.13087 -0.02971 -0.04220 -0.04119 0.03055 -0.06086 0.20624 -0.04249 -0.00709 -0.04375 0.08012 0.14999 -0.07690 0.06704 0.04606 0.01547 0.12598 -0.16113 -0.03244 0.27765 0.00289 0.21068 -0.01295 0.10357 -0.15488 0.03274 -0.01727 0.04787 0.03223 0.07428 -0.00792 -0.06628 0.14125 -0.17501
0.20038 -0.21281 0.01912 -0.01069 0.08133 0.11011 -0.14624 -0.01149 0.05511 0.16864 0.14987 -0.21141 0.40263 0.08966 -0.06372 -0.18955 -0.00455 -0.08281 0.01824 -0.01361 -0.08763 0.07895 -0.08598 0.06638 -0.16276 0.03243 0.03330 0.22609 -0.21162 0.02270 -0.09250 -0.19395 -0.26169 -0.58658 0.08753
0.02168 -0.03975 0.04591 0.16527 0.16673 0.10100 -0.17917 0.06762 -0.11714 -0.07278 0.08122 0.12161 -0.13204 0.04903 -0.10684 -0.00939 0.11194 -0.01365 -0.01078 -0.15969 0.12024 0.00755 -0.04198 0.08284 -0.14316 -0.05196 0.03919 0.07758 -0.07092 0.00839 0.05201 0.02326 -0.08723 -0.00874 -0.10219
-0.06534 0.00474 0.32043 0.28007 -0.20023 0.08771 -0.22322 0.17462 -0.04695 -0.18869 -0.04864 0.10777 -0.07969 0.25500 0.02679 -0.21296 -0.05933 0.22211 -0.13328 -0.02448 -0.08575 -0.27978 0.11501 0.11092 0.14744 -0.09588 0.10318 -0.02833 0.25495 -0.20278 -0.23159 -0.18732 0.01243 0.27270 -0.08967
-0.07721 -0.03633 -0.10538 -0.00460 -0.02488 -0.02232 0.06628 0.20315 0.03162 0.07023 -0.08780 -0.06002 -0.10992 0.10491 -0.00537 0.11776 -0.09948 0.01719 -0.15160 -0.01531 0.15003 0.20349 -0.08248 0.04608 -0.01539 -0.13369 -0.00665 -0.06946 -0.06987 -0.00707 0.06759 -0.02807 0.12756 -0.19298 0.02451
0.14216 -0.11144 0.17472 0.08893 -0.01461 -0.10555 -0.05051 -0.03494 -0.00302 -0.20315 0.14633 0.01904 0.01404 -0.01668 -0.25676 0.17979 -0.05163 0.01029 -0.24644 -0.05511 -0.07170 0.26099 0.08924 0.17018 0.09563 0.00232 0.15768 0.30914 0.01089 -0.12034 -0.13713 -0.04532 -0.05842 -0.41060 0.24166
-0.33652 0.01094 -0.13412 0.19374 -0.24034 0.18542 0.27910 -0.03467 0.06218 0.22900 -0.08945 -0.05629 0.03546 0.04062 0.03980 -0.06217 0.04558 -0.18165 0.06743 0.05823 -0.01581 0.09348 0.10501 -0.19258 0.03294 -0.15559 -0.23626 -0.08261 0.20087 0.19171 0.14518 0.14075 -0.35652 -0.36734 0.07712
-0.04279 0.07646 -0.01017 0.10037 0.01148 0.01395 -0.22851 -0.01501 -0.00657 0.00387 0.26210 0.17220 0.19316 0.10405 0.04141 0.09753 -0.19002 0.03207 -0.12312 -0.19615 0.20924 0.15966 0.05640 0.12526 0.11721 0.14638 -0.06506 0.02276 -0.04153 -0.03853 0.03617 -0.25318 -0.21229 0.38092 0.17453
-0.11183 -0.06594 -0.29587 0.15985 0.08295 0.07481 -0.24473 -0.14330 0.04954 0.09698 0.22485 0.05339 -0.09355 0.00605 -0.22676 0.13352 -0.19370 -0.02411 -0.09978 -0.16400 -0.00525 -0.09027 -0.05824 0.13031 -0.13143 -0.12861 -0.00030 -0.04912 -0.20919 0.03306 0.04257 0.01725 -0.14647 0.10978 0.04960
-0.25723 0.04840 0.32350 -0.10633 -0.22048 0.05391 0.15871 -0.18010 0.06089 0.12504 0.04269 0.07056 0.15534 0.24307 -0.13882 -0.01178 0.07161 0.16406 -0.16229 0.09585 -0.06648 -0.16679 0.04351 -0.09531 0.03629 -0.19080 -0.14156 0.07661 -0.02080 0.12857 0.00660 0.10863 0.04303 -0.15330 -0.03293
-0.02296 -0.00806 0.08121 0.04305 0.01267 -0.06988 -0.20503 -0.02712 -0.22193 -0.08901 0.15721 -0.09837 -0.11506 -0.01000 -0.10799 0.09770 0.04223 0.03166 -0.23006 -0.07660 0.09814 0.25307 -0.00586 -0.06480 0.02883 0.07369 -0.06760 -0.03199 0.07010 -0.06291 -0.24931 -0.11418 0.04939 -0.18290 0.22095
0.24390 0.07917 -0.10623 0.01433 0.09081 -0.04319 -0.31192 0.01050 -0.17797 0.03771 -0.07186 0.14441 -0.05755 -0.13456 0.03469 0.10896 0.11430 0.09210 -0.21394 0.03211 0.03045 0.05258 0.13085 0.14596 -0.11003 0.01635 0.13235 0.05794 0.10181 -0.04749 -0.13773 0.02011 0.06032 0.13984 -0.16896
-0.06617 -0.16755 -0.25547 0.12207 0.11914 -0.07443 -0.12902 0.03218 -0.10404 0.04406 -0.04095 -0.18568 0.06588 0.02379 -0.13405 0.17970 -0.19858 0.10587 -0.12668 -0.07814 0.05214 0.13146 0.01730 0.12926 -0.25319 -0.10501 0.22384 0.14702 -0.03406 -0.18365 -0.10935 -0.06157 -0.33260 0.21172 0.11061
0.06494 0.05232 0.13724 0.39485 -0.22559 0.08942 -0.25135 -0.05293 0.01950 -0.14047 -0.22438 -0.21394 -0.04723 0.09367 -0.19581 -0.20406 -0.04801 -0.14403 -0.08676 -0.01917 -0.00310 -0.20941 -0.04393 0.03619 0.01874 -0.02351 -0.28448 -0.22710 0.16000 0.01451 -0.20179 -0.02811 0.10399 0.50315 -0.13077
-0.01070 -0.03862 -0.07953 0.23786 -0.26628 -0.13179 -0.02659 0.08004 -0.11985 0.04533 -0.20365 0.07697 -0.22243 0.10989 -0.24331 0.21767 -0.23118 -0.16967 -0.08354 0.05137 -0.13295 -0.03941 0.36881 0.14369 0.14403 -0.25075 -0.09839 -0.14349 0.19850 0.12050 -0.27278 -0.02663 -0.01476 0.15355 -0.16590
-0.08975 0.07911 -0.09324 -0.10239 0.00837 -0.03348 0.00891 0.04232 -0.01076 -0.04063 0.01947 -0.01488 0.03524 -0.11181 -0.05973 -0.11023 -0.02274 0.06157 0.10027 -0.18309 -0.00190 0.06776 0.05948 0.12954 0.01433 -0.12720 0.11527 -0.07013 0.07791 -0.06175 0.04993 0.13427 0.05349 -0.12085 -0.12294
-0.05642 -0.09277 0.12497 -0.21296 -0.05666 -0.01660 -0.03396 0.00203 -0.15760 -0.23243 -0.07736 0.29106 0.06302 -0.12548 0.16333 0.28301 -0.03482 -0.01347 0.05744 -0.00933 0.17669 -0.19381 0.10085 -0.07259 -0.07390 0.11065 0.14125 -0.07479 -0.16792 0.16703 -0.09207 0.10567 -0.01433 0.02355 -0.17920
-0.11556 0.02833 -0.02817 -0.09885 -0.04421 -0.20617 -0.17194 -0.02903 0.05108 -0.01958 0.12931 0.12883 0.05395 -0.20060 0.04441 0.13156 0.05511 -0.07834 0.05270 0.09331 -0.07083 0.06027 0.19348 -0.07479 -0.00922 0.11954 0.08712 0.11720 0.08143 0.10976 -0.07945 0.09685 -0.08592 -0.03314 -0.09119
-0.16700 0.02077 0.16753 0.23257 0.16118 -0.35990 0.13105 -0.13053 0.02566 -0.13740 0.02757 0.07536 0.02387 -0.15692 -0.19530 0.26456 0.18536 -0.25282 -0.21497 -0.32817 -0.20838 0.14190 -0.15235 0.26302 -0.31176 -0.21828 0.16253 0.19326 0.24467 0.00470 0.16395 -0.06176 -0.33228 -0.19575 0.17461
0.17009 -0.05820 -0.03627 -0.26818 0.15303 0.11402 -0.17887 -0.17001 0.08699 0.03089 0.06066 0.00751 0.03499 -0.17307 -0.18436 0.15279 -0.04705 -0.00524 -0.10941 -0.11759 0.00048 -0.10656 0.10837 0.08313 -0.20196 -0.06409 0.17208 0.05475 -0.05088 0.00391 -0.07735 0.04516 -0.06163 0.10797 0.00726
-0.08800 0.13273 -0.23820 0.12207 0.09380 -0.08062 0.18276 0.12670 0.18767 0.02402 0.13715 -0.09190 -0.05303 0.10234 0.04866 0.05644 0.20183 -0.16205 0.12209 0.07156 0.05326 0.05521 -0.06565 -0.16176 0.18098 -0.10735 0.05035 -0.21982 0.06194 0.04762 0.03941 0.06035 -0.07896 -0.07509 -0.06536
0.33261 -0.11298 0.09214 0.07164 0.09119 0.12110 -0.13296 0.05958 -0.15627 0.05173 -0.06523 0.15705 0.13296 0.17514 0.05416 -0.08322 -0.09199 -0.01234 0.07994 -0.01771 0.01949 -0.11549 -0.03660 0.18174 0.11573 0.10260 0.06709 -0.05971 0.11915 -0.05024 -0.06594 -0.21655 0.17924 0.34367 0.03113
-0.14468 0.08851 -0.14795 -0.08592 0.03116 0.05074 -0.09580 -0.12516 -0.07129 -0.08054 0.08714 0.15842 0.24377 0.00502 -0.16847 -0.19272 -0.01275 0.09877 -0.06689 -0.08068 -0.11717 -0.00904 -0.19352 -0.20854 0.14411 -0.14182 -0.07466 -0.03276 -0.18786 0.00279 0.09663 -0.09149 -0.15440 -0.58048 -0.25264
