##[Gaussian Mapper]keyframe id, dssim
36 0.4717648923
37 0.5031000376
38 0.5351576209
39 0.6273334622
40 0.6300693750
41 0.5852648020
42 0.5700399876
43 0.5766454935
44 0.5782518387
45 0.5649420023
46 0.5647379160
47 0.5188913941
48 0.5130113363
49 0.4877191484
50 0.4808962345
51 0.4919171035
52 0.5349958539
53 0.5881528258
54 0.6416688561
55 0.6107780337
56 0.6189385653
57 0.5761111379
58 0.5695225596
59 0.5752766728
60 0.4927709997
61 0.5004551411
62 0.4945995212
63 0.5015137792
64 0.5170133114
65 0.5482358932
66 0.5854231119
67 0.5008760095
68 0.5014573336
69 0.4803732634
70 0.4461266398
73 0.4992290139
74 0.4980799556
75 0.4970972538
76 0.4963818789
77 0.4926177263
78 0.4912440479
79 0.5092635155
80 0.5397643447
81 0.5713821054
82 0.5779252052
83 0.5942783952
84 0.5888358951
85 0.5896146297
86 0.5865338445
87 0.5888913274
88 0.5954833627
89 0.6308879256
90 0.6490150094
91 0.7010585666
92 0.7315481305
93 0.6454477310
94 0.6359419823
95 0.6100488901
96 0.4583094120
97 0.4458624721
98 0.4409037530
99 0.4924586415
100 0.5058634877
101 0.5182231069
102 0.5176929235
103 0.5436456800
104 0.5799840689
105 0.5710912347
106 0.5882896185
107 0.5932904482
108 0.5846049786
109 0.5865774751
110 0.5355114341
111 0.5456154943
112 0.5290044546
113 0.5443526506
114 0.5334749818
115 0.5343067050
116 0.5522115827
117 0.4711137712
118 0.4788000882
119 0.4942898750
120 0.5469425917
121 0.5566704869
122 0.5673724413
123 0.5813456178
124 0.5225289464
125 0.5241783857
126 0.5163806677
127 0.4963687062
128 0.4936712086
129 0.5100861788
130 0.5085532069
131 0.5060761571
132 0.5281486511
133 0.5554128885
134 0.5583562851
135 0.5460046530
136 0.5472310781
137 0.5579976439
138 0.5810254812
139 0.5943688154
140 0.6042816043
141 0.6145476103
142 0.6376952529
143 0.6214019060
144 0.6302243471
145 0.6374699473
146 0.6491166949
147 0.6551935077
148 0.6476555467
149 0.6377150416
150 0.6384843588
151 0.5549455881
152 0.5492144227
153 0.5507548451
154 0.5431720614
155 0.5577499866
156 0.5691795349
157 0.6166260242
158 0.6277325749
159 0.6340302229
160 0.6342257261
161 0.6350609064
162 0.6405455470
163 0.6366618276
164 0.6410125494
165 0.6516733170
166 0.5463224053
167 0.5407787561
168 0.5358768106
169 0.5701506138
170 0.5935552716
171 0.6117096543
172 0.6437747478
173 0.6935930252
174 0.6976118684
175 0.6769245267
176 0.6541450620
177 0.6301096082
178 0.6126583815
179 0.5923379064
180 0.5811179280
181 0.5699820518
182 0.5605320334
183 0.5519466996
