##[Gaussian Mapper]keyframe id, psnr_gaussian_splatting
36 9.0673847198
37 9.1754112244
38 9.5096893311
39 11.7480201721
40 12.0505313873
41 10.3133373260
42 10.2104358673
43 10.3922824860
44 10.6131057739
45 10.9709739685
46 10.8898658752
47 11.0377292633
48 12.4783887863
49 9.5691528320
50 9.5478191376
51 9.6506967545
52 10.8260135651
53 10.9647283554
54 13.4054565430
55 14.0614147186
56 13.3887596130
57 9.8123378754
58 10.2708034515
59 10.4311647415
60 9.8644409180
61 10.0441827774
62 10.0280551910
63 10.5604953766
64 11.2572364807
65 12.3214740753
66 12.8838052750
67 8.4986896515
68 8.4313240051
69 8.4546747208
70 8.0679082870
73 8.8732414246
74 8.8279981613
75 8.8019857407
76 8.7520027161
77 8.7135906219
78 9.5716495514
79 9.8098392487
80 11.4724082947
81 13.0477447510
82 13.2049732208
83 13.8523559570
84 14.4287986755
85 14.5587329865
86 14.2732429504
87 13.9448814392
88 13.8498859406
89 15.6644039154
90 17.1098461151
91 17.7195758820
92 17.8954010010
93 18.5056037903
94 19.4637813568
95 18.6127891541
96 9.0502214432
97 9.0160312653
98 8.9770040512
99 12.2135581970
100 12.9089088440
101 13.5749416351
102 13.9407234192
103 14.2568340302
104 14.4192924500
105 14.5927162170
106 14.5252513885
107 15.0293817520
108 14.6011180878
109 12.7103128433
110 10.3719091415
111 12.0356483459
112 10.6853561401
113 10.9938039780
114 10.7568397522
115 10.5976581573
116 10.5661125183
117 9.5605106354
118 9.7732315063
119 10.3555107117
120 12.1466522217
121 12.3859214783
122 12.5257606506
123 11.3952426910
124 10.8621997833
125 10.6258945465
126 10.5567264557
127 11.0395641327
128 10.8530378342
129 10.8346176147
130 10.7526388168
131 11.3481159210
132 11.9536094666
133 12.7856330872
134 12.4668045044
135 12.1206140518
136 12.4886341095
137 11.4578332901
138 11.6766624451
139 11.6692714691
140 11.4883031845
141 11.5761966705
142 13.4519462585
143 11.9080047607
144 12.0130748749
145 12.5651741028
146 12.3208942413
147 12.3705530167
148 12.0895557404
149 11.9054241180
150 11.8925495148
151 10.3613271713
152 10.2316741943
153 10.3107471466
154 9.9820156097
155 9.9075880051
156 10.2461071014
157 10.9766616821
158 11.4395790100
159 11.6576662064
160 11.7874574661
161 11.9259500504
162 12.0011224747
163 10.8694257736
164 10.8853645325
165 11.9062747955
166 9.7689857483
167 9.7273225784
168 9.7296543121
169 10.0537662506
170 10.3052310944
171 10.5287313461
172 11.7182617188
173 14.6350288391
174 13.9157466888
175 13.6235828400
176 13.8517360687
177 13.8454332352
178 12.3387756348
179 12.2955398560
180 12.5001220703
181 13.0457305908
182 13.1588001251
183 13.4682464600
