##[Gaussian Mapper]keyframe id, psnr
36 9.0673856735
37 9.1754112244
38 9.5096893311
39 11.7480201721
40 12.0505294800
41 10.3133354187
42 10.2104330063
43 10.3922824860
44 10.6131038666
45 10.9709730148
46 10.8898649216
47 11.0377273560
48 12.4783897400
49 9.5691518784
50 9.5478200912
51 9.6506967545
52 10.8260107040
53 10.9647283554
54 13.4054565430
55 14.0614147186
56 13.3887596130
57 9.8123397827
58 10.2708034515
59 10.4311647415
60 9.8644409180
61 10.0441827774
62 10.0280551910
63 10.5604953766
64 11.2572345734
65 12.3214759827
66 12.8838043213
67 8.4986886978
68 8.4313220978
69 8.4546747208
70 8.0679082870
73 8.8732414246
74 8.8279972076
75 8.8019838333
76 8.7520036697
77 8.7135906219
78 9.5716485977
79 9.8098392487
80 11.4724082947
81 13.0477466583
82 13.2049732208
83 13.8523540497
84 14.4287977219
85 14.5587310791
86 14.2732429504
87 13.9448795319
88 13.8498859406
89 15.6644039154
90 17.1098442078
91 17.7195758820
92 17.8953971863
93 18.5056018829
94 19.4637794495
95 18.6127891541
96 9.0502214432
97 9.0160303116
98 8.9770021439
99 12.2135591507
100 12.9089088440
101 13.5749397278
102 13.9407215118
103 14.2568340302
104 14.4192934036
105 14.5927152634
106 14.5252513885
107 15.0293817520
108 14.6011171341
109 12.7103118896
110 10.3719091415
111 12.0356464386
112 10.6853561401
113 10.9938039780
114 10.7568397522
115 10.5976581573
116 10.5661115646
117 9.5605115891
118 9.7732315063
119 10.3555107117
120 12.1466522217
121 12.3859205246
122 12.5257606506
123 11.3952426910
124 10.8621978760
125 10.6258926392
126 10.5567255020
127 11.0395631790
128 10.8530378342
129 10.8346176147
130 10.7526397705
131 11.3481159210
132 11.9536075592
133 12.7856311798
134 12.4668035507
135 12.1206140518
136 12.4886331558
137 11.4578332901
138 11.6766605377
139 11.6692714691
140 11.4883031845
141 11.5761957169
142 13.4519443512
143 11.9080047607
144 12.0130739212
145 12.5651741028
146 12.3208942413
147 12.3705520630
148 12.0895557404
149 11.9054231644
150 11.8925485611
151 10.3613271713
152 10.2316741943
153 10.3107461929
154 9.9820146561
155 9.9075870514
156 10.2461071014
157 10.9766626358
158 11.4395790100
159 11.6576652527
160 11.7874565125
161 11.9259500504
162 12.0011224747
163 10.8694257736
164 10.8853626251
165 11.9062747955
166 9.7689867020
167 9.7273206711
168 9.7296543121
169 10.0537643433
170 10.3052282333
171 10.5287313461
172 11.7182626724
173 14.6350297928
174 13.9157476425
175 13.6235809326
176 13.8517341614
177 13.8454332352
178 12.3387756348
179 12.2955379486
180 12.5001220703
181 13.0457305908
182 13.1588001251
183 13.4682464600
