##[Gaussian Mapper]Render time statistics: keyframe id, time(milliseconds)
36 1.14179200
37 1.09023600
38 1.60778000
39 1.31349600
40 1.28100400
41 1.78552600
42 2.00993800
43 1.23745300
44 1.28307800
45 1.31551000
46 1.24698100
47 1.65338600
48 1.10896000
49 1.12163400
50 1.07345300
51 1.05844500
52 1.09984300
53 1.10686500
54 1.10711600
55 1.15246200
56 1.10512300
57 1.12211500
58 1.07809200
59 1.07905300
60 1.11285800
61 1.10223700
62 1.11278700
63 1.10497200
64 1.07879300
65 1.05025000
66 1.19300900
67 1.12170400
68 1.05683200
69 1.07801200
70 1.06988700
73 1.06225200
74 1.08096700
75 1.08623800
76 1.11033300
77 1.06316400
78 1.68673900
79 1.31366700
80 1.20627400
81 1.11373800
82 1.25658800
83 1.10040500
84 1.08924300
85 1.08836100
86 1.08925300
87 1.08730900
88 1.09680700
89 1.09001500
90 1.19278800
91 1.58002900
92 1.28412100
93 1.17695900
94 1.14873500
95 1.06964700
96 1.05654100
97 1.16110000
98 1.10267900
99 1.07439500
100 1.04337600
101 1.06200100
102 1.03966000
103 1.06352500
104 1.08423400
105 1.03597300
106 1.03874800
107 1.04794500
108 1.05870600
109 1.04932800
110 1.04051100
111 1.31115200
112 1.49177200
113 1.36608500
114 1.32763300
115 1.30475900
116 1.40302400
117 1.58864400
118 1.41346500
119 1.36294900
120 1.34968400
121 1.30539000
122 1.29201600
123 1.33526700
124 1.36005400
125 1.36284800
126 1.37320800
127 1.35238900
128 1.31394700
129 1.30488000
130 1.28942000
131 1.29518100
132 1.31168200
133 1.32829400
134 1.34231000
135 1.35311000
136 1.31249400
137 1.32379500
138 1.43110700
139 1.30480900
140 1.30247500
141 1.33903400
142 1.43763900
143 1.46743600
144 1.54488200
145 1.40279400
146 1.31639200
147 1.35290100
148 1.27582400
149 1.27418100
150 1.29171500
151 1.32029900
152 1.33030800
153 1.31198200
154 1.34091800
155 1.37621400
156 1.32091000
157 1.27123700
158 1.27535300
159 1.26748900
160 1.68543700
161 1.28428000
162 1.28512200
163 1.04041100
164 1.04524000
165 1.03682500
166 1.06907600
167 1.64188400
168 1.34823100
169 1.30304500
170 1.36736700
171 1.33553800
172 1.50591900
173 1.26443400
174 1.06603000
175 1.05720300
176 1.06433600
177 1.07016700
178 1.03871800
179 1.05878600
180 1.04713500
181 1.10959100
182 1.06337400
183 1.06633900
