0.10637 -0.11763 0.15186 0.16261 0.43499 -0.15475 -0.04241 0.13787 0.18354 -0.21065 -0.04729 -0.18831 0.02678 -0.40297 -0.06180 0.12572 -0.05253 0.15013 -0.04467 -0.25351 -0.29441 0.25729 -0.01701 0.16877 0.02988 0.11824 0.38911 0.28585 -0.28703 0.16174 -0.14000 -0.32730 -0.03268 -0.03861 0.30445 -0.09810 0.22246 -0.12640 -0.07945 0.23061 0.07723 -0.21158 0.04221 -0.17778 -0.17457 -0.23491 0.07623 0.09066 -0.17398 0.18608 0.14587 0.01559 -0.23273 0.21276 0.26761 0.15789 0.06497 0.12668 -0.10367 0.23211 0.26253 -0.22868 -0.15670 -0.10268 0.11120 -0.23616 0.32097
-0.16854 -0.00339 0.01752 -0.02252 0.09280 0.19262 0.14130 -0.31321 -0.37370 -0.37311 -0.13184 -0.05217 -0.09804 -0.12390 -0.07242 -0.14489 -0.48338 -0.05497 0.18552 0.03653 -0.06684 -0.05283 0.17275 0.02121 0.34248 0.04455 -0.00649 0.06382 0.07056 0.00175 0.03602 -0.01483 0.15291 -0.15941 0.44867 -0.35540 0.35127 -0.09112 -0.28331 0.42159 0.05123 -0.27043 0.15394 -0.36986 -0.25633 -0.41935 0.44573 0.18447 -0.33463 0.00329 0.27634 0.17226 -0.30178 0.50280 0.25031 0.21707 0.40110 0.41218 0.00515 0.26738 0.25762 -0.27167 -0.08697 0.02438 0.12729 -0.44101 0.37932
0.06781 -0.10044 0.23292 0.28146 0.12083 -0.29395 -0.13262 0.21949 0.20721 0.23107 0.37713 -0.02163 0.23885 -0.06095 -0.05254 0.02879 -0.09221 0.05429 -0.06343 -0.17057 -0.10856 0.17101 -0.33671 0.13560 -0.21701 0.15630 0.32172 0.14815 -0.22094 0.15810 -0.18134 -0.07190 0.02259 0.22095 -0.04654 0.09592 0.06135 -0.00048 0.09230 0.09882 0.18607 0.04558 0.11389 -0.03303 0.06950 0.09600 -0.11783 0.06555 -0.13865 0.17759 -0.08074 -0.09529 0.01342 -0.10608 0.02467 0.11016 0.00647 -0.00164 -0.19758 -0.04055 0.01657 0.07633 -0.10401 -0.24381 0.05571 -0.08718 -0.03729
-0.12953 -0.08551 -0.02609 -0.39446 -0.33164 0.03197 -0.06261 0.12946 -0.15430 -0.30569 0.06872 0.39731 0.05126 0.15285 -0.07397 -0.16729 -0.23785 -0.10640 -0.11174 0.09923 0.36692 -0.02006 0.16942 0.04198 0.15252 0.03753 0.00217 -0.49063 0.26796 0.03953 -0.16166 0.44085 -0.33815 -0.14177 -0.29389 0.15431 -0.10563 0.08950 -0.01194 -0.10406 -0.22486 0.03751 -0.15269 0.03552 0.17771 -0.02004 -0.01764 -0.28770 0.07543 -0.08531 -0.21285 0.16436 0.08005 -0.10921 -0.11038 -0.16746 -0.15282 -0.01893 0.07650 -0.16553 -0.03437 0.04089 0.07400 0.35581 -0.22862 0.21501 -0.14379
-0.09947 0.10302 0.02742 0.03708 -0.01182 -0.09714 0.03933 0.00033 -0.08089 0.06962 -0.11440 -0.07582 -0.02849 -0.11451 -0.10998 -0.03670 -0.02303 0.08962 0.05701 0.11359 0.03795 0.01634 -0.02354 -0.05154 -0.10945 -0.11159 0.05198 -0.07733 -0.05012 0.05709 -0.07552 0.04517 -0.00676 0.02521 -0.05565 0.08908 -0.09993 -0.11405 0.09532 -0.08254 0.11728 0.05426 0.04715 -0.01513 0.02298 0.03133 -0.05745 0.08992 0.07509 0.00718 0.03503 -0.01483 -0.04413 -0.09417 -0.04693 -0.11700 -0.03842 0.06392 0.11853 -0.11179 -0.10156 0.10083 -0.04312 0.00017 0.07666 0.10821 0.04627
0.07301 0.03981 -0.03967 0.09205 -0.07217 -0.16102 0.03963 -0.07684 0.02145 0.04568 0.03826 -0.00549 0.05633 0.09917 0.11555 0.04660 -0.13066 0.03326 0.05636 0.11635 -0.03912 0.01221 -0.12123 0.04975 0.06107 0.06597 0.14660 0.04701 -0.04128 0.07452 -0.03597 0.05954 -0.01910 0.02189 0.06096 -0.04765 -0.04001 0.02564 0.04827 -0.07780 0.13975 0.03637 0.00773 0.09536 0.15407 0.08668 -0.16454 -0.14403 -0.07267 -0.07702 -0.14440 -0.04453 0.15838 -0.12182 0.00865 -0.09849 0.05189 0.03670 0.01401 0.06488 -0.13490 -0.06099 -0.10517 0.06751 0.06525 0.12341 -0.00456
-0.10015 -0.01396 0.04549 -0.09874 -0.14377 0.13194 0.16562 0.08907 0.01703 0.02210 -0.03041 0.01129 0.17925 0.19327 0.02403 0.01059 0.01081 -0.15067 0.02382 0.05184 0.16540 -0.05885 -0.05992 -0.16737 0.11255 0.01502 -0.02062 -0.08589 0.03143 -0.01697 0.18564 0.05050 0.01569 -0.06295 -0.02400 0.00705 -0.09713 0.00277 0.17754 0.00486 -0.11721 0.05543 -0.03031 0.10270 -0.00012 0.11540 -0.04145 0.01652 -0.02624 -0.12319 -0.02971 0.06116 0.00298 0.03582 -0.05391 -0.13823 -0.06921 -0.11330 -0.00861 -0.16037 0.03352 0.16849 -0.05222 0.00499 -0.02561 0.00516 -0.09327
0.18864 -0.25013 0.38190 0.23529 0.42965 -0.15063 -0.24276 0.17658 -0.06897 0.05989 0.07257 -0.36975 0.05456 -0.34127 -0.29468 0.16956 -0.26183 0.19445 -0.11193 -0.30701 -0.29039 0.29317 -0.05382 0.29352 0.22461 0.31877 0.32857 0.46367 -0.37085 0.21394 -0.11889 -0.41420 0.04483 -0.12359 0.12650 -0.21052 0.16934 -0.11715 -0.18365 0.13726 -0.01653 -0.06875 0.17790 -0.24934 -0.19182 -0.23030 0.23031 -0.00213 -0.23966 0.04543 0.17698 0.04683 -0.18170 0.17858 0.09160 0.19497 0.04996 0.21910 -0.05166 0.18791 0.09692 -0.11206 -0.05405 -0.03706 0.01143 -0.26330 0.22350
-0.05676 0.10497 -0.02396 -0.04514 0.06220 -0.01188 -0.08282 0.01312 -0.05689 -0.08841 -0.07708 0.04240 0.01028 -0.04951 0.04361 -0.03824 -0.09429 0.04196 -0.04160 -0.03620 0.08781 0.09132 -0.11958 0.10478 0.10926 -0.08810 -0.12180 -0.09537 -0.03243 -0.00549 0.03367 0.02914 0.07164 -0.04741 0.06962 0.15321 0.01155 -0.02129 -0.02025 0.05690 -0.03921 0.06432 -0.15647 0.15195 0.16299 -0.01117 -0.15698 0.09107 -0.04580 -0.16069 -0.02563 0.03839 -0.02860 -0.09686 -0.09752 0.03886 -0.00063 0.02206 0.02515 -0.12021 -0.00394 0.09726 0.14909 -0.06651 -0.13761 0.12812 -0.01637
0.10348 -0.11645 0.21573 0.10420 0.28548 -0.13159 -0.02489 -0.04859 -0.28384 -0.41350 0.00202 -0.06944 0.11782 -0.21505 -0.15850 -0.02425 -0.21229 0.21456 -0.12738 -0.15386 -0.08616 0.20633 -0.14589 0.06012 0.15390 0.09999 0.08675 0.10380 -0.26113 0.05858 -0.09957 -0.25544 0.16242 0.02220 0.23509 -0.30940 0.20817 -0.20642 -0.41571 0.38128 0.01027 -0.35678 0.29461 -0.40265 -0.30888 -0.32514 0.16600 -0.07397 -0.40721 0.11633 0.19075 0.09989 -0.18358 0.46075 0.10113 0.18470 0.35433 0.35749 -0.19613 0.37273 0.23438 -0.18194 -0.18739 0.05690 0.17876 -0.42867 0.38828
-0.04484 0.00213 -0.03730 -0.02731 -0.03127 0.05485 -0.00987 0.08347 0.04935 -0.00072 0.04898 -0.04110 -0.09414 -0.08047 -0.08366 -0.09862 0.01955 -0.01087 -0.10985 0.06339 0.07571 0.10378 0.00501 -0.00894 0.07186 -0.10595 0.00755 0.07994 0.08455 0.01440 -0.01013 0.04365 0.07394 0.04387 0.04880 0.15226 -0.11737 0.06198 0.01608 0.07425 0.15678 -0.10570 0.00905 0.03131 -0.02116 0.04053 0.05646 0.11615 -0.01521 0.06262 0.07282 0.05631 0.16417 -0.08354 0.04957 -0.06608 -0.02868 -0.04400 0.04965 -0.05745 -0.15995 0.05860 0.16007 0.08804 -0.16085 0.07078 -0.06776
0.09031 -0.16649 0.07472 -0.14161 0.07168 0.01923 0.13982 0.03411 0.16282 0.04711 -0.01602 0.00281 0.05959 -0.15069 0.02338 0.17203 0.12119 0.03484 -0.15679 0.05037 -0.11936 0.07270 -0.16484 0.12966 -0.02977 0.17060 0.11358 -0.06238 0.04224 -0.04443 -0.11269 0.00878 -0.01219 -0.02226 -0.04171 0.06295 -0.12065 0.13980 0.07186 -0.00894 -0.04007 -0.00648 -0.10022 0.13562 -0.05243 0.01207 -0.16613 -0.12733 0.07071 0.02646 -0.01358 0.03879 0.07999 0.06173 -0.05462 0.17216 -0.03459 -0.05743 -0.02015 -0.15062 0.04533 0.16608 -0.05315 -0.01841 0.04226 0.08500 -0.09846
0.01326 -0.26022 0.23200 0.25591 0.37862 -0.20874 -0.08712 0.14861 -0.09261 0.07720 0.04765 -0.19135 0.08136 -0.37736 -0.28302 0.11822 -0.00989 0.33221 -0.13512 -0.31076 -0.30499 0.24872 0.04171 0.26069 0.32028 0.26294 0.28929 0.37434 -0.29536 0.25862 -0.12266 -0.35281 -0.06548 0.06396 0.10128 -0.16721 0.15825 0.01487 -0.24246 0.14146 0.06688 -0.14432 -0.00657 -0.13302 -0.24153 -0.21390 0.19050 0.08050 -0.21092 0.12051 0.07565 -0.07399 -0.20297 0.22822 0.20170 0.26870 0.26258 0.15704 -0.13427 0.16595 0.21974 -0.22820 -0.02169 0.03312 0.16918 -0.09818 0.15771
0.09361 -0.03162 0.06078 -0.01896 -0.09661 -0.03114 0.04639 0.09759 -0.09969 -0.07089 0.06367 -0.06241 0.00637 -0.08522 0.00772 -0.05911 0.02728 0.04817 0.02343 -0.09608 0.09160 0.10283 -0.10954 0.10006 -0.10530 0.05743 -0.00722 -0.00976 -0.05949 0.09621 0.01974 -0.00849 0.04365 0.13652 0.07309 -0.02163 -0.15633 -0.13062 -0.01836 -0.05184 0.00388 -0.09523 -0.04884 0.08281 0.12645 -0.03264 -0.13550 -0.00524 -0.04207 -0.04139 -0.04468 -0.05360 0.03125 -0.14258 -0.10313 0.00543 -0.08299 -0.15580 0.14736 -0.08606 -0.03325 0.14621 0.10880 -0.05078 0.05994 0.01391 -0.01681
0.01000 0.08703 0.03911 -0.01074 0.04640 0.12205 -0.06276 -0.08994 0.14997 -0.04629 -0.15493 0.11984 0.08744 0.05778 0.14181 -0.03837 0.16351 -0.12546 -0.06061 0.01782 0.16316 -0.14884 0.00601 -0.01311 -0.00734 -0.14458 0.00677 0.00143 0.04119 0.00388 0.11120 -0.04166 -0.03917 0.02881 -0.08528 0.01810 -0.02510 -0.14318 0.18128 -0.05102 -0.02959 -0.06042 -0.15847 -0.03976 0.10215 0.02027 -0.13310 0.11247 0.16115 -0.05341 -0.05629 0.09277 0.02502 -0.11825 -0.08318 -0.09555 0.05097 -0.08889 -0.04243 -0.10541 -0.02002 0.11519 -0.01586 -0.10601 -0.10190 0.07485 -0.16628
0.13595 -0.11864 0.18772 0.01612 0.42487 -0.07108 -0.00416 -0.14578 -0.02697 -0.29670 -0.11704 -0.15493 0.01963 -0.20951 -0.00783 0.07870 -0.11527 0.02654 -0.03748 -0.04661 -0.27390 0.14070 -0.16021 0.21378 -0.13073 0.19564 0.30642 0.08717 -0.11820 -0.08310 0.03579 0.01162 -0.08430 0.05795 0.23949 -0.33152 0.25307 -0.08725 -0.36809 0.39900 0.22128 -0.31743 0.24977 -0.27630 -0.18034 -0.30016 0.30715 0.08726 -0.18309 0.10853 0.32415 0.08115 -0.20435 0.30065 0.17845 0.11235 0.38527 0.22466 -0.02342 0.29032 0.35214 -0.39539 -0.12009 -0.12899 0.08508 -0.25434 0.26925
0.87298 0.20764 -0.08692 -0.56209 0.12914 -0.00837 -0.18819 -0.07282 0.28034 -0.26196 0.51147 0.12385 0.12123 -0.10818 0.00716 0.24663 -0.08164 0.10300 -0.28512 -0.15510 0.15275 0.12143 -0.13558 0.34793 -0.29682 0.31918 0.53880 -0.19577 0.11787 0.03059 0.01134 0.30370 0.10031 -0.71668 0.10226 -0.08372 0.23300 0.19030 -0.12162 0.10548 -0.14204 0.00193 -0.01253 -0.23734 -0.04385 -0.20215 0.25564 -0.18131 -0.11228 -0.24054 -0.09951 0.08999 -0.07708 0.17611 0.07936 -0.20077 0.06560 0.19590 0.09242 0.07814 0.05734 -0.15662 0.11342 0.31392 -0.03397 -0.02961 0.02606
0.03042 -0.59588 0.58189 -0.19020 -0.68861 0.08516 -0.00635 -0.73162 0.65272 -0.55294 0.69332 0.05077 0.80018 -0.91341 0.25198 0.08855 0.45573 -0.78801 0.41936 0.35583 0.37009 -0.24992 -0.63915 -0.28800 -0.59203 0.03828 0.57889 -0.27932 -0.36011 -0.76568 -0.37743 0.18248 -0.02275 0.03946 -0.10731 0.08742 -0.18787 0.14916 0.09912 -0.04326 -0.05504 0.19960 -0.18801 0.21708 -0.00553 0.21872 -0.22816 -0.01888 0.08631 -0.02021 -0.00861 -0.08150 0.05065 -0.27683 -0.07927 -0.07629 -0.20948 -0.18675 0.11633 -0.12994 -0.15814 0.13446 0.17179 0.07302 -0.12702 0.07431 -0.05983
-0.01138 0.01754 0.09342 0.04302 0.09925 -0.04163 0.07552 -0.01894 -0.00885 0.02611 0.11779 0.00049 -0.01305 -0.04782 -0.07717 0.07018 -0.02535 -0.04115 0.02652 0.02086 -0.01983 0.10210 0.07475 0.02977 -0.05787 -0.05061 0.10623 0.02522 -0.11091 -0.01645 0.02749 0.03298 0.05568 0.05189 -0.06269 0.13435 -0.06601 -0.00861 -0.04354 0.00483 -0.04418 -0.03582 -0.14375 0.14104 -0.00620 -0.03576 -0.04062 -0.00960 -0.02517 0.04149 0.08728 -0.02795 0.10804 -0.08879 -0.03527 0.06992 -0.10082 0.00126 0.15070 -0.06504 0.05256 0.01587 0.02358 0.07911 -0.06686 0.01589 -0.07179
0.02500 -0.06748 -0.09330 -0.09574 0.12018 0.00328 0.05469 -0.11701 -0.01788 -0.09553 -0.01055 0.10883 0.08866 -0.04411 -0.06637 -0.09996 -0.06025 0.04178 -0.07234 0.06715 -0.04388 0.11319 -0.02956 -0.02174 0.07203 0.08564 0.08821 0.08850 -0.11551 0.06737 -0.06390 0.08668 0.04709 0.03778 -0.00584 0.07382 0.00571 0.03397 0.08333 0.00704 0.05277 -0.03386 -0.14892 0.08813 -0.03163 0.12545 0.06151 0.06460 0.15026 -0.04533 0.12480 0.01298 -0.05384 -0.14595 -0.07730 0.00066 -0.07070 -0.07275 0.12185 0.06151 0.00376 0.08418 0.11006 0.06460 -0.15800 -0.07323 -0.16177
0.10093 -0.24167 0.32257 0.10360 0.42954 -0.27598 -0.24870 0.09280 0.03786 0.10834 -0.02529 -0.38669 0.18670 -0.20808 -0.36524 0.16643 -0.20818 0.41128 -0.25127 -0.18582 -0.35858 0.28506 0.16775 0.21676 0.29672 0.40876 0.27785 0.45815 -0.49726 0.35127 -0.35045 -0.25228 -0.01676 -0.06649 0.08558 -0.17619 0.13284 0.02904 0.06918 0.03551 -0.04152 0.06346 0.00074 -0.13624 -0.02451 -0.17302 -0.04398 -0.16107 -0.05666 0.11321 0.01728 -0.22715 -0.14182 0.04508 0.07503 0.15936 -0.01635 0.16779 -0.28450 0.07688 -0.07267 0.06573 -0.15062 0.14564 0.01350 -0.10967 0.02437
0.03016 0.12190 0.11596 0.04609 0.17686 -0.16521 -0.13227 0.09856 0.11147 -0.23581 0.01100 -0.05663 -0.03120 -0.27774 -0.10838 0.12025 -0.10840 0.07879 0.04935 -0.07583 0.00480 0.07701 -0.01108 0.08650 -0.17660 0.18810 0.25998 0.05585 -0.23738 -0.09941 -0.09469 -0.09255 0.07137 -0.12469 -0.07022 0.09881 -0.08927 0.18668 -0.02476 0.00032 -0.08916 0.16114 -0.03816 -0.07970 -0.08178 0.01972 -0.11562 -0.01255 0.07380 0.31229 0.06143 -0.22989 -0.04504 0.08425 0.04378 0.12152 -0.06674 0.02296 -0.21264 0.07585 -0.06525 0.11820 -0.08435 0.24781 0.06654 -0.13960 0.03451
-0.45276 0.54742 -0.36036 -0.30410 -0.46686 0.39561 0.34677 -0.47470 -0.06122 -0.21706 -0.23372 0.47676 -0.49987 0.46710 0.57171 -0.35989 0.10971 -0.47045 0.51456 0.38691 0.54216 -0.40918 0.02833 -0.35190 -0.28347 -0.59029 -0.25981 -0.37605 0.48157 -0.54289 0.58211 0.41124 0.27474 0.07928 0.05091 0.00874 0.17910 -0.16061 -0.16018 0.08176 -0.00707 -0.14450 -0.02840 0.04124 -0.11309 -0.18507 0.13009 -0.01237 -0.07768 -0.07148 0.15039 0.11412 0.03366 0.02524 0.06938 -0.05956 0.14670 0.06515 0.04005 0.18435 0.08140 -0.11297 -0.03938 0.08731 0.02352 -0.00505 -0.02797
-0.08210 0.10655 -0.04729 -0.12041 0.08741 -0.03315 0.00072 0.07569 0.04078 -0.11721 0.02192 0.11837 -0.00706 0.08884 0.10703 0.04502 -0.11292 0.10481 0.09649 0.03662 -0.01006 -0.08415 0.02693 -0.04244 0.10948 -0.12179 0.02634 -0.00258 0.00032 -0.01519 0.05171 -0.10490 0.07426 -0.03338 -0.00910 0.03760 -0.03247 0.02092 -0.00061 -0.05035 -0.00902 0.05161 -0.14742 0.12544 0.00483 0.05439 0.00207 0.00490 -0.03619 -0.00662 0.12175 -0.00245 0.04371 -0.03494 0.00332 -0.00904 -0.10852 0.04009 0.03162 -0.09617 -0.08483 0.06419 -0.01524 -0.04116 0.02016 0.14767 -0.16939
0.09722 -0.07179 0.02886 0.11306 -0.07640 -0.05023 0.03521 -0.07642 -0.04755 -0.10241 0.01426 0.07628 0.03272 -0.02174 0.11581 0.09536 -0.06646 0.06989 -0.02803 0.03940 0.01327 0.05347 -0.06215 -0.05888 -0.06967 -0.07910 -0.05268 0.02933 0.03478 0.02315 0.09092 0.09291 0.09859 0.07604 -0.00096 0.03108 -0.06152 0.00205 0.00926 -0.09989 0.09999 -0.02708 0.09349 0.05803 -0.06636 0.03581 -0.05383 -0.06013 0.03878 0.05974 -0.06978 -0.06177 0.09226 -0.04491 -0.08200 -0.10345 0.07062 0.08801 0.12111 -0.09173 0.01465 0.02376 0.01209 0.02466 -0.11285 -0.11744 -0.05065
0.09602 -0.14460 0.12461 -0.00857 0.51205 -0.23303 -0.09673 -0.10019 0.13651 -0.09490 -0.16427 -0.07255 -0.02122 -0.35333 -0.16317 0.02128 -0.17643 0.17249 -0.15408 -0.18786 -0.20763 0.09695 0.04620 0.07598 0.13189 0.08546 0.16869 0.29594 -0.26531 -0.02720 -0.00342 -0.24194 0.09483 -0.09367 0.22062 -0.21507 0.01270 -0.13064 -0.20012 0.07091 0.14269 -0.19816 0.05747 -0.20266 -0.16513 -0.16412 0.19158 -0.06247 -0.25652 0.23715 0.02739 0.03188 -0.12885 0.15201 0.21453 0.14424 0.02278 0.03320 -0.27380 0.03266 0.17410 -0.08873 -0.05900 -0.09014 0.14632 -0.05105 0.20290
-0.09255 -0.06155 0.07640 -0.03240 -0.01805 0.04901 0.12641 -0.16446 0.10615 -0.03864 0.06893 -0.05096 0.01745 0.08476 0.08501 -0.00353 0.04932 -0.01085 -0.03784 0.03717 0.07845 0.05361 -0.14385 -0.09261 -0.03750 -0.10752 -0.11579 -0.06304 0.08853 -0.06815 0.06887 0.01551 -0.05029 0.05558 -0.06178 -0.01972 -0.17388 -0.01968 0.03114 -0.00431 0.00914 -0.06885 -0.10905 0.18167 -0.04347 0.02316 -0.09885 0.01505 0.12909 0.04090 0.09793 -0.03079 0.01247 -0.01153 0.00395 -0.16966 -0.12309 -0.12317 0.05576 -0.10804 -0.15748 0.04011 0.03620 -0.01440 -0.11241 0.00866 0.04505
-0.03521 0.07277 -0.07991 -0.05296 0.04971 0.02412 -0.09213 0.09445 -0.03326 -0.00003 -0.01663 0.09331 0.02957 0.05692 -0.02657 0.12181 0.04754 0.06030 -0.02370 -0.10113 0.08828 -0.10880 -0.12078 0.01160 -0.02361 -0.08802 0.09404 0.01232 -0.05662 0.07856 0.04325 -0.09539 -0.02019 -0.10526 -0.06808 0.02202 0.03385 -0.04725 -0.04301 -0.10433 -0.07553 -0.00776 0.00439 0.06874 0.08116 0.10662 0.02376 -0.09040 -0.03454 -0.10751 -0.00939 0.06398 0.01398 0.05579 0.10315 0.06356 -0.02540 0.11130 0.06773 -0.09067 0.01756 0.05893 0.03918 0.11761 -0.08017 0.01720 0.11844
0.08357 0.09822 -0.08092 -0.05513 -0.05378 0.13918 0.00055 -0.21310 0.01660 -0.13632 0.07754 0.16198 -0.18943 -0.04443 0.12197 -0.09660 -0.10768 -0.04473 0.16410 -0.08230 0.07507 -0.24524 -0.08209 -0.08584 -0.20470 -0.06448 0.19641 -0.23041 0.21885 0.27952 0.13212 -0.06234 -0.20697 -0.27315 -0.26575 0.13208 -0.05748 0.22444 0.27845 -0.11130 0.16618 0.09252 -0.28322 0.13211 0.11922 0.28307 -0.20268 -0.18740 0.19522 -0.07125 -0.18578 -0.10905 0.08865 -0.28958 0.15019 -0.11658 -0.09675 -0.12865 -0.07644 -0.24499 -0.14566 0.27478 -0.24678 -0.08733 -0.27200 0.25271 -0.10944
0.22210 -0.22354 0.20231 -0.00925 0.59385 -0.21777 -0.16078 0.12885 0.14947 -0.24545 -0.03213 -0.27711 0.09159 -0.29136 -0.21669 0.19790 -0.11554 0.29619 -0.21904 -0.06539 -0.32401 0.31420 -0.14378 0.11804 0.04939 0.16970 0.28024 0.39277 -0.32833 0.04938 -0.22204 -0.18172 -0.12522 -0.02748 0.20150 -0.33471 0.22167 -0.19369 -0.22708 0.19322 0.13334 -0.20680 0.02888 -0.24605 -0.09467 -0.30287 0.30174 0.08383 -0.26389 0.15367 0.27094 -0.00995 -0.16663 0.26024 0.19608 0.08780 0.14105 0.33999 -0.10224 0.20277 0.32559 -0.26865 -0.08487 -0.07591 0.22492 -0.16880 0.27651
-0.00731 0.08323 0.06645 0.06319 -0.04548 0.00341 -0.02915 -0.07134 0.02965 0.10510 0.07192 -0.03410 0.06984 -0.00906 0.11562 -0.12088 0.03290 -0.10789 0.05822 0.08776 0.09366 -0.04008 0.01076 0.03198 -0.04188 0.11446 0.08366 0.06047 -0.04976 0.08543 -0.06223 -0.09949 -0.03826 -0.01125 0.07707 0.05039 0.04404 -0.03703 0.09484 0.11661 -0.10526 0.10992 0.02395 0.04259 0.04774 0.07119 0.00188 -0.03146 -0.04211 -0.07841 -0.00470 -0.06858 0.07291 -0.08747 0.10620 -0.10788 0.10173 0.01384 -0.11516 0.03663 -0.07865 -0.09678 0.00643 -0.03476 0.03015 0.09662 -0.11204
0.07705 -0.02343 -0.06859 0.03488 -0.09548 -0.01724 0.01574 0.00348 0.03915 0.06678 0.00843 -0.06704 -0.04350 0.05394 0.03977 -0.08146 0.08451 0.00695 -0.02644 -0.06884 0.08821 -0.00005 -0.05528 0.01710 0.08814 -0.15912 -0.16103 -0.04039 0.08614 -0.13155 -0.01859 -0.07242 0.08980 0.08275 0.04423 -0.03201 0.03204 -0.09754 -0.05211 0.06625 0.14682 -0.05134 -0.10227 0.08217 0.12333 0.11211 -0.12732 0.05576 0.09194 -0.04271 0.05277 0.03962 0.09792 -0.00105 -0.11541 0.04260 -0.09151 -0.16531 0.14281 -0.14395 -0.18827 0.05711 0.18444 -0.09193 -0.03897 -0.02920 -0.01711
