0.18423 0.44395 0.06288 0.09948 -0.07024 -0.12142 0.01830 0.19117 -0.07221 0.37464 -0.11707 -0.04245 0.05748 -0.13790 0.10885 0.13705 0.15347 0.03171 -0.13577 -0.10730 0.16899 -0.01239 0.20479 -0.07084 -0.02519 0.26849 0.00017 -0.13630 0.16065 0.02932 0.05987 -0.09897
0.13704 0.47793 -0.26303 0.19841 0.11328 0.15804 -0.18830 0.22299 0.12693 0.09752 -0.00479 -0.05647 0.22800 -0.20788 0.02538 0.20806 0.23044 -0.05063 -0.02520 -0.04292 -0.11884 -0.02333 0.31491 -0.18473 0.15514 0.16062 -0.13358 -0.02364 -0.14320 0.21621 -0.08513 -0.19711
0.19676 0.45515 -0.03483 0.35960 -0.00173 -0.06170 0.10369 0.09490 -0.21151 0.28629 0.04013 -0.05137 0.24728 -0.11069 -0.08288 0.18706 0.18096 -0.19181 0.04333 -0.04650 0.17715 0.08339 0.16415 -0.18245 -0.09213 0.32350 -0.17866 -0.08087 0.03209 0.07802 -0.08705 0.11131
0.02972 0.06919 0.12643 0.03961 0.13875 -0.19849 0.08836 0.08394 -0.11325 0.06372 -0.17099 0.12229 0.08452 -0.17334 0.15118 0.26191 0.63149 0.17302 0.15964 0.16521 0.12307 0.20411 0.15762 -0.01480 0.00672 0.06924 0.08306 0.00512 0.04171 0.00558 -0.06656 0.13253
-0.19939 -0.16546 -0.15433 -0.07570 -0.00450 -0.06130 0.11284 -0.27798 0.14754 -0.24972 0.06876 -0.12446 -0.18867 -0.17235 -0.15167 -0.33017 0.23247 0.01370 0.01711 -0.01934 0.14218 0.23400 -0.16555 0.14058 -0.00874 -0.26666 0.03437 0.11624 -0.02732 -0.35737 0.05838 -0.04506
0.03391 0.20820 -0.00600 -0.10105 -0.10578 0.12373 0.11498 -0.01499 0.00008 0.09880 0.08426 -0.15140 0.11971 0.05890 0.08996 0.10969 0.44397 -0.16971 0.09555 0.16139 -0.06654 -0.09757 0.13673 -0.12394 -0.11550 0.17402 -0.01679 -0.01202 0.15856 0.08068 0.10761 -0.05502
0.28338 0.20577 0.30936 0.06166 -0.06262 0.07705 0.15061 0.18534 0.08150 0.02747 0.09578 -0.16711 0.30811 0.07301 0.01163 -0.01362 0.16075 0.11272 0.16296 0.06949 0.05953 -0.04579 0.07939 0.07007 0.06131 0.14611 0.02812 0.06073 -0.17083 -0.00449 -0.04706 0.12040
0.23808 -0.01689 0.09876 -0.01869 0.05806 0.14462 0.00387 0.01424 0.01085 0.08357 -0.10804 0.09791 0.12809 0.08353 0.13765 0.16921 0.09957 -0.08349 0.09868 0.00706 0.11747 0.16901 0.01811 0.16782 0.13494 0.00943 0.05182 -0.14392 0.05734 0.17917 -0.16875 0.06417
0.10328 0.32804 0.32437 0.06103 0.13934 0.06385 0.16725 0.13552 0.04369 0.12264 -0.00309 -0.05333 0.08188 0.10226 0.07586 0.07380 -0.15579 0.08644 -0.16261 -0.00782 -0.15211 0.14802 0.29578 -0.14528 -0.16436 0.04732 0.04878 -0.08840 -0.04210 0.10703 0.03243 -0.08362
0.02253 -0.16506 -0.08522 0.21561 -0.09761 0.09287 0.03465 -0.11595 0.01333 -0.14886 -0.03374 0.05007 0.09642 -0.14689 -0.16665 -0.12690 0.00964 -0.01222 -0.19430 -0.09542 -0.14234 0.02613 0.07167 -0.17643 -0.05219 -0.03941 -0.16992 0.04084 0.06238 -0.18867 0.13900 0.07052
-0.09372 0.01378 -0.13261 0.04384 -0.11864 0.10292 0.02769 -0.18908 -0.18497 0.15827 -0.01976 -0.04061 0.07716 0.00281 -0.00263 0.12844 -0.08376 0.12008 -0.17214 -0.15554 -0.03729 -0.05174 0.17060 -0.09604 0.02780 -0.06497 0.06499 -0.01160 -0.17096 0.09158 0.17186 0.11382
-0.24741 -0.15099 -0.08447 0.02912 0.10225 0.03709 -0.07287 -0.07078 -0.01009 0.10576 0.04364 -0.08917 -0.16156 0.00794 -0.08421 -0.17410 0.08916 -0.02266 -0.09959 -0.15082 -0.04650 0.16671 0.17113 0.05282 -0.13333 0.04953 0.02370 0.05898 -0.13129 -0.07893 -0.09588 -0.09438
-0.10851 -0.08690 -0.17593 0.01729 -0.14464 -0.17495 0.00969 -0.23393 0.21661 0.11677 -0.10415 -0.03047 -0.20430 0.05890 -0.00179 -0.14253 -1.00373 -0.18592 -0.10008 -0.04858 -0.18046 -0.10032 -0.00463 0.12275 -0.10478 0.08781 -0.03958 -0.07605 0.00019 -0.00765 0.02103 0.09206
-0.03030 -0.07515 0.15974 -0.09487 0.11216 0.07385 -0.03269 -0.17114 -0.12558 0.13058 -0.00475 0.10286 -0.14532 0.02361 0.09820 0.14248 -0.46196 -0.45003 -0.09134 -0.16835 -0.14141 0.04595 0.00518 -0.04727 0.02821 0.16074 0.04270 0.10089 0.00718 0.09345 -0.08276 -0.13849
-0.05437 -0.13705 0.15768 -0.07173 0.05139 -0.04825 -0.06516 -0.12833 0.03499 -0.16594 -0.03657 0.13604 -0.18368 0.07706 0.01119 -0.19537 -0.68325 0.23409 0.08007 0.08106 0.12204 0.02038 0.06760 0.10016 -0.13034 -0.01824 -0.17967 0.13736 0.08433 -0.12961 -0.03235 0.06282
-0.34338 -0.23032 0.16286 -0.02341 -0.01627 0.07090 0.01882 -0.32817 0.05607 -0.36475 0.05133 0.09456 -0.16013 -0.10772 -0.15743 -0.32009 0.05365 -0.12126 0.12752 -0.12422 -0.05375 -0.15848 -0.05947 0.10245 -0.12673 -0.21487 -0.02559 -0.16922 -0.11185 -0.16142 0.16646 -0.10939
-0.22045 -0.42838 -0.14203 0.07953 0.15001 -0.09663 -0.12966 -0.20234 0.03405 -0.42340 -0.14589 -0.00398 -0.28708 -0.05264 0.06289 -0.21876 0.06898 0.11553 0.09437 0.00769 -0.06198 0.01592 0.01498 -0.21799 -0.11005 -0.25391 -0.10135 -0.11740 -0.16953 -0.37790 -0.02746 0.09334
-0.07200 -0.16320 -0.08593 -0.10615 0.01703 -0.20661 -0.06700 -0.14143 0.11185 -0.24088 0.12555 -0.04096 -0.30065 0.11911 0.08689 -0.35728 0.01838 0.03656 -0.15674 0.07223 -0.22346 -0.06586 -0.13072 0.12068 -0.05978 -0.19416 0.03923 -0.12095 -0.00085 -0.34518 -0.16316 -0.09669
0.13555 0.31957 -0.15331 -0.16311 0.04652 0.02400 0.04474 -0.03874 -0.09119 0.20867 -0.18967 0.14338 -0.07219 0.06234 -0.00846 0.12499 0.07668 0.10176 0.08207 0.05925 -0.08436 0.08869 0.35461 -0.01679 0.11704 0.00042 0.05653 -0.00586 -0.15860 0.07490 0.15624 -0.12018
0.13009 0.14226 -0.06565 -0.04117 0.10724 -0.02185 -0.07127 0.16029 -0.18053 0.11047 -0.03912 -0.08700 0.22604 -0.02103 -0.06398 0.18851 0.13732 0.11336 0.03835 0.03983 -0.07735 0.06342 0.18077 0.02843 -0.12553 0.14970 0.06041 0.11739 0.15631 0.22922 0.06862 -0.01111
0.20293 0.24724 -0.02072 -0.20553 -0.08555 -0.08646 0.02466 -0.02064 0.00033 0.29934 0.10172 -0.07586 0.11144 0.06762 -0.22684 0.23315 -0.04252 -0.17579 -0.12290 -0.11446 -0.05528 0.08320 0.29918 0.02073 0.12205 -0.04571 -0.23558 -0.14182 -0.09716 0.00185 0.07768 -0.18636
0.06069 0.35824 -0.22783 0.07775 -0.13479 0.02470 0.08969 0.04275 0.01216 0.14729 0.06422 0.21329 0.02126 0.01815 0.06258 0.38614 0.18700 -0.01320 0.01033 0.03642 -0.01963 0.07898 0.24298 -0.15983 -0.00784 0.15863 -0.12286 -0.05430 -0.17606 0.36720 0.08713 0.08272
0.08644 0.13394 -0.03733 0.00601 0.02756 0.04589 -0.01038 0.23137 0.05707 0.42421 -0.09723 -0.09663 0.12551 0.07836 -0.04156 0.41652 -0.04994 -0.21547 0.05490 -0.07533 -0.00142 0.20733 0.31160 -0.06306 0.17216 0.39107 -0.20555 -0.16250 -0.08742 0.10882 -0.09293 0.07318
0.07959 0.44525 -0.11149 0.05370 0.03024 -0.00544 0.03799 0.05777 -0.05104 0.38891 0.12766 0.04494 0.05630 0.03327 -0.21823 0.39450 0.17628 0.03165 0.02415 0.12850 0.03697 -0.03534 0.17936 0.08358 -0.08835 0.04559 -0.02183 -0.10981 -0.00748 0.09814 0.03735 -0.07022
0.24528 0.33524 -0.27931 -0.14366 -0.11788 0.10446 -0.12351 0.28464 -0.00717 0.07306 -0.17347 0.00886 0.08457 0.09374 0.06315 0.26970 -0.23706 0.04659 0.01083 -0.08216 0.11189 -0.00690 0.31035 0.09182 -0.02197 0.36893 0.10980 -0.09096 0.06866 0.31788 -0.07868 -0.07908
0.21210 0.33617 -0.12311 -0.16527 0.11495 0.05257 -0.21599 0.35672 -0.05513 0.39640 0.08973 -0.11688 0.08300 -0.02012 0.00884 0.25207 -0.37589 0.09616 -0.14906 0.03228 0.31218 0.02426 0.45000 -0.02446 -0.05550 0.23714 0.11154 0.09049 -0.10144 0.38925 -0.08361 -0.20036
0.14879 0.11862 -0.16678 -0.11185 -0.00861 -0.16239 0.03078 0.25639 -0.09234 0.29540 0.01438 -0.05191 0.17853 -0.08028 0.10849 0.32330 -0.32478 0.12485 -0.07604 -0.03580 0.23148 0.09585 0.51378 0.02860 0.03806 0.16327 0.08866 -0.12871 -0.06112 0.34443 -0.17398 -0.05265
-0.21296 -0.05749 -0.11042 0.03060 -0.05096 0.14831 -0.02638 -0.27690 -0.05492 -0.02319 0.06768 0.03785 -0.03757 0.06827 -0.02267 -0.24143 -0.31700 0.08501 0.13786 -0.06756 -0.07945 0.03048 -0.16414 0.13573 -0.00306 -0.15313 -0.16435 0.05396 0.00061 -0.10610 0.10808 0.07520
-0.14744 -0.16140 -0.08929 0.15964 0.14714 -0.00072 0.17657 0.00746 0.10163 -0.05691 0.06999 -0.03101 -0.13020 0.14382 -0.02979 -0.09261 -0.20487 0.02901 0.10267 0.10994 0.08650 0.08412 -0.19022 0.16097 0.12420 0.01957 -0.14293 -0.08011 -0.14679 -0.13212 0.13507 -0.12082
-0.10162 -0.15142 -0.16459 -0.00694 -0.02076 -0.08574 -0.11032 -0.04337 -0.01814 -0.18292 -0.04915 -0.02260 -0.19664 -0.10590 0.07542 -0.15049 -0.30597 -0.08877 -0.03607 -0.06743 0.04170 0.16538 -0.27547 -0.00259 0.15360 -0.25093 -0.13797 0.04715 -0.00206 -0.15019 0.11106 -0.15126
