-0.01420 -0.06054 0.19043 0.52853 0.10445 0.00349 0.20113 -0.09272 0.24027 0.03360 0.27571 -0.21431 -0.29827 0.17091 0.11437 0.08402 -0.23010 0.39632 0.02294 -0.25320 0.03467 0.26975 -0.08734 -0.30995 0.15513 0.18740 0.00232 0.08399 0.10836 0.16841 0.07380 -0.41101
0.05155 -0.18842 0.07142 0.38798 -0.00141 0.03709 0.10252 0.05724 -0.37486 -0.13136 -0.15969 0.26847 -0.35988 -0.09132 -0.34202 -0.05851 -0.03414 -0.20884 -0.22787 -0.09474 0.00177 -0.26642 -0.30275 -0.17919 -0.10398 0.10742 0.12395 -0.18204 0.18069 0.29468 -0.29258 0.09314
0.00525 -0.17616 -0.09219 0.58328 -0.05089 0.13893 0.32168 -0.09906 -0.24004 -0.01900 -0.25871 -0.27062 -0.31501 -0.31454 -0.14393 -0.01164 -0.32362 -0.30382 -0.16308 -0.26636 0.03538 -0.25292 -0.06231 -0.22458 -0.24558 0.16312 0.19795 -0.15900 0.01437 0.04987 -0.06760 -0.27631
0.10217 0.04300 0.00798 -0.20691 -0.09754 0.17978 0.21179 -0.21137 -0.32298 0.07071 -0.03275 -0.24539 0.03110 0.19980 -0.31549 0.02174 0.09925 -0.12139 -0.19256 -0.07258 0.12146 -0.13531 -0.20053 0.11251 -0.06891 0.13945 0.01602 0.06421 0.02809 -0.15471 -0.25443 -0.23699
-0.03248 -0.01943 -0.04554 0.01182 -0.07726 0.02903 0.02886 -0.14592 -0.01290 -0.00064 0.09450 -0.09956 -0.13716 0.39746 0.21514 0.15759 0.35567 0.13311 0.23388 -0.09626 0.21299 0.04222 0.01359 0.22685 -0.00728 0.06867 0.24907 0.22817 0.08188 0.00109 0.29131 -0.34220
-0.10294 -0.12766 0.09559 0.08813 0.04351 0.04417 0.12517 0.19944 0.28534 0.03237 0.03318 -0.11317 0.30821 0.09345 0.23381 0.17103 -0.16445 0.07718 0.16328 -0.02468 -0.17062 0.16135 0.08939 0.31127 0.05410 0.30698 0.00458 -0.21083 0.03510 0.10918 0.08429 0.09655
-0.06415 0.04119 0.11550 0.32917 -0.14215 -0.18298 -0.26646 0.39160 -0.19758 -0.12438 -0.16307 -0.12887 -0.01392 -0.04603 -0.20778 0.04272 0.18141 -0.17278 0.10337 -0.02354 0.10676 -0.04747 0.15050 0.11134 -0.28406 0.00124 0.00576 -0.33439 -0.07342 -0.06679 -0.22048 0.03170
0.07227 -0.12863 -0.03751 0.07853 0.13317 0.03748 -0.13633 -0.30517 -0.05990 0.02377 0.11263 0.04474 -0.04638 -0.43129 0.01344 -0.08122 -0.10678 -0.06118 -0.19445 0.03497 0.12274 -0.03972 0.06741 -0.21193 -0.06008 0.14563 0.11920 0.15138 0.09569 -0.32295 -0.10774 -0.11343
0.15005 0.08851 -0.12939 0.15285 -0.00262 -0.01068 -0.14302 -0.25386 -0.15816 -0.09639 -0.31840 -0.22407 -0.21439 -0.12072 0.02516 -0.10592 -0.07003 -0.12017 -0.25070 -0.03109 -0.09633 -0.10927 -0.14148 -0.08030 -0.24604 -0.05517 0.13916 -0.08679 -0.01063 0.04026 -0.11652 -0.28185
-0.10614 -0.06199 -0.05536 0.07697 -0.03930 0.14672 -0.16986 -0.40083 -0.19171 0.13259 -0.05788 -0.18653 -0.32743 -0.32061 -0.07224 -0.10247 -0.09389 -0.20349 -0.47112 0.09881 -0.02303 -0.02448 -0.06826 -0.36780 -0.17585 -0.04588 0.09389 0.08501 0.06120 -0.06214 -0.20100 -0.33380
-0.12829 0.04104 -0.12996 0.08577 -0.10533 -0.05774 -0.05631 0.07485 -0.21929 0.09026 0.03131 0.05351 -0.03161 0.31939 0.01237 0.03482 0.04579 -0.05397 -0.16360 0.01603 0.08878 0.18828 -0.26887 -0.10153 -0.08664 0.15222 -0.15963 0.08440 -0.16774 -0.02422 -0.16925 -0.04978
0.04937 -0.13444 0.13620 0.15986 0.01088 0.14389 -0.10788 0.09699 0.09400 0.01932 -0.16322 -0.17782 0.22483 0.56857 0.24317 -0.07207 0.05015 -0.06211 0.22154 -0.00979 0.23236 0.00890 0.06426 0.31244 0.13648 0.15234 -0.10384 0.16673 0.17274 0.59784 0.05602 0.14711
0.01118 0.05505 0.08868 0.07190 0.15052 -0.04429 -0.01867 -0.11240 -0.10632 -0.10312 -0.02111 -0.18154 -0.19974 0.17602 0.03198 -0.15913 -0.05828 -0.13363 -0.11772 -0.13606 0.12406 -0.26492 -0.18544 -0.20132 0.01167 0.16244 0.16559 -0.01336 -0.17315 -0.12583 -0.21554 -0.15933
0.06754 0.08896 0.07838 0.05050 -0.07156 -0.00188 -0.00188 0.01677 0.11755 -0.02207 -0.26643 0.02183 0.10331 -0.12296 0.15437 -0.09512 0.06144 0.14675 0.11883 0.05086 0.06456 0.19429 -0.10947 0.05598 0.01725 0.13825 0.01520 0.12283 -0.00131 0.11182 0.04252 0.03441
-0.16822 -0.15454 0.01470 0.08749 0.11875 0.00767 0.07452 -0.00961 -0.23615 -0.15537 -0.22061 0.00304 -0.19532 -0.05657 -0.11000 0.06897 0.04099 0.16277 0.07590 -0.11278 -0.00056 0.02810 0.15413 -0.13833 -0.15302 -0.11198 0.13026 -0.05008 -0.06621 0.03602 0.07912 -0.00745
-0.12461 0.14404 -0.06046 -0.08146 -0.12428 -0.08502 -0.13845 -0.18558 -0.24458 -0.03563 -0.01245 -0.13420 -0.08377 -0.06519 0.00196 0.15311 -0.02343 -0.09018 -0.21936 -0.10386 0.05104 0.03948 0.09501 -0.10981 0.00733 -0.15749 0.04752 0.17161 -0.17496 -0.17530 0.02964 -0.02764
-0.09423 0.10785 0.01185 0.00692 -0.05369 0.13319 0.09806 -0.05188 -0.05657 0.09141 0.02660 -0.07251 -0.10290 0.07761 -0.16921 0.16530 -0.12109 0.08048 -0.21052 0.05676 0.12347 0.02033 -0.01789 0.02887 -0.21046 -0.11927 -0.15067 -0.10881 0.00459 -0.16370 -0.04415 0.00597
0.14712 -0.07665 -0.04836 0.11692 -0.04470 0.16925 -0.07021 0.08161 0.04166 0.08247 0.15128 -0.09414 0.20003 -0.01123 0.03885 -0.00357 0.12303 0.17341 0.16956 0.03093 0.11537 -0.07392 -0.09238 0.03250 -0.03087 0.07601 0.01679 -0.06048 -0.01795 0.08004 0.23512 0.15780
-0.13609 0.06479 0.06826 0.06759 -0.02410 0.04421 0.04448 0.25560 -0.08588 -0.06708 -0.03540 -0.08575 0.11824 0.10781 -0.05014 0.11498 0.14766 -0.08713 0.11439 -0.09075 0.03786 -0.08196 -0.06886 -0.03479 -0.06391 0.14107 -0.02232 -0.00490 -0.08798 0.20675 -0.01765 -0.07150
-0.13799 -0.14865 0.15694 -0.13651 -0.02441 -0.05117 0.06475 0.13083 -0.05197 0.15876 -0.09255 0.01748 0.06877 -0.04097 0.20401 0.14926 0.02303 -0.06244 0.21497 0.11106 0.03175 -0.04835 0.00745 0.24111 0.10270 -0.03484 -0.14967 -0.09473 0.12767 0.07731 0.07177 0.06883
-0.11631 -0.01194 -0.04972 0.09249 0.14387 0.11100 0.13180 -0.07444 0.02079 0.02093 -0.06660 0.04795 -0.03233 0.07575 0.22662 -0.15122 0.14813 0.08248 -0.03311 0.16921 -0.15310 -0.11901 -0.08794 0.07460 0.11529 -0.05188 -0.16756 -0.02041 0.13412 0.21965 0.17204 0.02567
0.04392 -0.13628 -0.07003 -0.17593 -0.03954 -0.04897 0.12657 -0.06552 -0.17759 0.03088 -0.26384 -0.03506 -0.01962 -0.04577 -0.14781 -0.02257 -0.10539 -0.22710 0.09432 0.05741 -0.08294 -0.04038 0.07494 -0.03634 -0.17721 -0.00666 0.10696 -0.02257 0.05987 -0.78284 -0.17069 0.06130
0.02319 0.03560 -0.13056 -0.04177 -0.02893 0.04829 -0.09997 -0.16461 -0.06586 0.04276 -0.11967 -0.13809 -0.12125 -0.13434 -0.00113 0.00671 0.17216 -0.05034 -0.24873 0.15342 -0.22859 -0.12585 -0.22803 -0.16459 -0.09672 -0.06348 0.12739 -0.13897 0.13838 -0.19706 0.05524 -0.13986
-0.10836 -0.11744 -0.21935 -0.08792 0.02846 -0.02919 0.02004 -0.17900 0.11481 -0.13080 0.14119 -0.08144 -0.10953 -0.04887 0.01433 -0.23732 -0.15663 0.06204 0.15248 0.11141 0.14343 0.00674 -0.02694 -0.15105 -0.17472 -0.09947 -0.02768 0.10294 -0.13516 -0.79091 -0.02400 -0.19655
-0.00479 0.17069 0.23258 0.13464 -0.01646 0.00314 0.11216 -0.12994 -0.07668 0.15125 -0.04728 -0.10537 0.07090 -0.01267 0.06317 -0.24899 0.03896 0.03815 -0.10355 -0.12272 0.18563 0.04263 -0.21607 0.02060 -0.04321 0.07914 -0.02153 -0.10406 0.02481 0.13657 0.01039 -0.09779
-0.02346 -0.01405 -0.01876 -0.13565 -0.14704 0.06615 -0.03948 -0.07661 0.05961 0.02479 0.12812 0.08452 0.08442 -0.14269 0.02945 0.16404 0.13695 -0.28962 -0.05273 -0.18087 -0.02231 -0.06993 -0.21573 -0.08431 0.14486 -0.12663 0.15287 0.05508 0.13958 0.02979 -0.13842 0.14331
0.05733 -0.11846 0.16965 -0.04927 -0.11489 -0.01915 -0.14032 0.05663 0.10591 -0.01886 -0.22945 -0.05916 -0.09299 0.15109 -0.05925 0.21431 0.01212 -0.18468 -0.16911 -0.18023 0.03777 -0.03076 0.18757 0.14444 -0.12448 -0.13759 0.01469 -0.04978 0.06599 -0.52541 -0.10133 0.06318
0.02361 -0.06576 0.02300 -0.10070 0.03321 0.03973 0.03395 -0.21345 -0.05604 -0.04577 0.02828 0.01448 -0.01327 0.06752 -0.10849 -0.08555 0.11352 -0.21817 -0.19930 -0.00930 -0.16962 -0.04076 -0.00329 -0.07993 -0.23293 -0.10259 0.11505 -0.03884 -0.15668 0.69167 -0.05480 -0.22782
0.04970 0.09955 0.15365 0.97602 0.01511 0.20789 -0.08066 -0.39578 -0.34351 -0.17129 -0.24500 -0.19655 -0.42971 -0.07242 -0.56843 0.40391 -0.21347 -0.24267 -0.22038 0.08602 -0.00209 -0.10130 -0.12804 -0.44588 -0.44048 -0.48957 0.06494 -0.09645 -0.13178 -0.47353 -0.36343 -0.33076
-0.22812 0.17423 0.00191 0.39359 0.17054 0.08720 -0.20493 -0.26726 -0.50338 0.08811 -0.26418 -0.39784 -0.60237 -0.00784 -0.32858 -0.17557 -0.33655 -0.17025 -0.37140 0.00643 0.02676 0.00263 -0.43934 -0.28617 -0.16640 -0.76936 0.26237 0.04826 -0.10427 -0.31084 -0.31556 -0.21999
-0.11400 -0.11418 -0.13338 0.69181 -0.22517 0.27151 -0.05604 -0.05086 -0.06069 0.07446 -0.40566 -0.09099 0.03355 0.05769 -0.23368 -0.05015 0.16094 -0.16285 -0.09732 -0.02201 0.19754 -0.12534 0.04319 -0.10744 -0.07488 -0.85035 -0.00720 0.23715 0.04927 -0.51154 -0.44433 -0.13508
0.11744 -0.08703 0.16384 1.20721 -0.24594 0.12068 -0.25912 -0.50484 -0.14798 -0.01405 -0.10712 -0.31333 -0.21762 -0.15219 -0.25853 0.21482 -0.45810 0.08611 -0.04173 0.17144 -0.14594 0.04861 0.05044 -0.03542 -0.22504 0.15288 -0.04894 -0.00102 -0.16319 0.04604 -0.09618 -0.21234
0.03510 0.14975 -0.11707 -0.79826 -0.20027 -0.23277 0.11173 -0.05604 -0.20262 -0.05322 0.02167 -0.24486 -0.00619 -0.12653 -0.10325 -0.09117 -0.27511 -0.13485 0.02477 -0.17484 0.04017 -0.14988 -0.18119 -0.04030 0.07718 -0.10496 -0.09834 -0.03222 0.11208 -0.04676 -0.06524 0.00065
-0.00568 -0.11929 -0.14878 -1.12533 -0.03726 -0.25110 0.04477 -0.09669 0.15386 0.10367 0.14717 0.27347 0.14691 0.26464 -0.05115 -0.18455 0.34647 0.07839 0.02914 -0.02661 -0.06928 -0.03139 0.07154 0.11701 0.19492 0.30935 -0.13350 0.16492 -0.14510 -0.07732 0.29084 0.14844
0.05143 -0.00604 0.09720 -1.06136 0.11348 -0.13554 -0.25649 -0.22648 -0.39183 -0.06421 -0.46489 -0.18027 -0.43178 -0.04204 -0.50138 -0.06293 0.02701 0.06663 -0.53153 0.12388 0.03065 -0.01273 -0.42749 -0.41026 -0.55941 0.55763 0.05305 0.21147 0.09340 -0.01123 -0.16619 -0.51557
-0.28212 -0.18586 0.22106 -0.04435 0.13036 -0.48827 -0.25183 -0.13521 -0.31227 0.20516 -0.36977 -0.28358 -0.27452 -0.17253 -0.29370 -0.17654 -0.01625 -0.27016 -0.28256 0.16348 0.11910 -0.06881 -0.14843 -0.38116 -0.06072 -0.13454 -0.11712 -0.01437 0.16497 -0.37421 -0.26677 -0.29495
-0.08194 0.06102 0.11325 0.09349 0.05554 -0.38153 -0.18267 -0.20347 -0.19456 0.16058 -0.10697 -0.03870 -0.22751 0.18935 -0.21494 0.23672 0.05710 -0.10662 -0.09748 -0.02613 0.03642 -0.02044 -0.24937 -0.34340 -0.11061 0.10084 -0.11767 0.14757 0.11276 -0.20394 -0.12235 -0.08785
-0.14527 -0.03353 -0.09628 0.01039 0.07464 -0.23355 -0.31350 0.02415 -0.21526 0.23281 -0.02969 -0.29467 -0.14010 -0.09417 -0.32323 -0.08759 -0.24264 0.14050 -0.31921 -0.11092 -0.09899 -0.10118 0.06838 0.00816 -0.01346 -0.05307 -0.13209 0.00724 0.12530 0.13463 0.03046 -0.43445
0.17214 0.16795 -0.15110 -0.13560 0.07198 -0.00147 0.06165 0.24788 -0.03607 0.13872 0.36423 0.87107 -0.24166 0.07896 -0.29353 0.24444 0.14618 -0.01015 -0.24883 -0.41466 -0.15303 0.09258 -0.36481 0.14778 0.04023 0.02013 0.02983 -0.13737 -0.23669 0.18179 -0.08740 0.51149
0.16235 -0.17755 0.03299 -0.05255 -0.16303 -0.14831 -0.08354 -0.41470 0.12810 0.12935 0.02570 -0.10748 -0.02789 0.01398 0.11802 0.19724 -0.04106 -0.16316 0.32453 0.18371 0.27639 -0.20037 0.44316 0.05245 -0.05415 -0.05173 0.11301 -0.30754 -0.00894 -0.23639 0.12371 -0.14356
0.22035 -0.28935 -0.35144 -0.09214 0.06510 0.21044 -0.01151 -0.55398 -0.31670 0.05843 -0.20982 -0.32195 -0.39370 -0.21444 -0.24145 0.31682 0.06153 -0.12547 -0.31882 0.13054 -0.08014 -0.11718 0.14621 -0.66712 -0.34686 -0.13142 -0.06714 -0.18780 0.06293 -0.55732 -0.57091 -0.85181
0.17357 0.28713 0.14101 0.05549 0.21881 0.07703 -0.19845 -0.01811 -0.34716 -0.01754 -0.20109 0.52475 -0.12128 0.17118 -0.36262 -0.23040 -0.00389 -0.72110 -0.36865 0.00766 -0.07141 -0.31053 -0.50935 -0.17551 -0.18637 0.19210 -0.06924 0.02264 0.07494 0.24683 0.00782 0.34694
-0.03476 -0.07349 0.06350 -0.34956 -0.04882 -0.32641 -0.24227 -0.03536 -0.08978 -0.12264 -0.10278 -0.15057 -0.16949 -0.03180 -0.04820 -0.13322 -0.02984 0.27087 -0.25334 -0.15400 -0.09883 0.23692 -0.00260 -0.31305 -0.10543 0.14114 -0.01818 -0.19536 0.08241 -0.14537 -0.05694 -0.31479
0.19383 -0.02159 0.02196 -0.17665 -0.06455 -0.21762 -0.11365 -0.15292 -0.05842 -0.23423 -0.15092 0.00920 -0.20421 -0.00254 -0.34691 0.16139 0.17548 -0.27218 -0.08350 -0.20931 0.14336 -0.28070 -0.09138 0.00817 0.04853 -0.05292 0.09800 -0.01145 -0.03659 -0.40753 0.02503 -0.06947
0.16121 0.13381 -0.00269 -0.09284 0.02340 -0.05179 -0.35250 -0.60255 -0.14364 -0.23707 -0.02938 -0.18691 -0.22920 0.09759 -0.22215 -0.00566 0.11610 -0.08244 -0.26352 -0.24934 0.02594 -0.10782 0.22289 -0.50015 -0.12722 0.02675 -0.08246 -0.06128 -0.07378 0.08283 -0.14270 -0.27298
0.24279 -0.07823 -0.01256 -0.10664 -0.12662 -0.05804 -0.01578 0.20606 0.01357 0.08255 0.13009 -0.16077 0.03857 -0.16342 0.10890 -0.13253 0.00320 0.04241 -0.03667 0.25368 -0.00341 -0.01253 0.12181 -0.21886 0.26123 0.06084 0.05372 -0.02291 0.06754 -0.34627 0.03246 -0.50186
0.14767 0.11768 0.12003 -0.06149 0.01667 -0.15039 0.22679 0.71478 0.40261 -0.18137 0.34397 1.08654 0.66477 0.05190 0.43781 0.42632 0.16639 0.19084 0.29490 -0.17742 0.11330 0.10731 0.57244 0.69045 0.16768 0.15494 0.05784 0.05085 -0.10182 0.20685 0.07347 0.89515
-0.12352 -0.10840 -0.20632 0.26015 0.15016 0.14888 0.02613 -0.10980 0.10467 -0.14446 0.33994 -0.03237 -0.08339 -0.01371 0.05437 -0.34527 0.02111 0.50659 0.06277 0.02866 -0.06373 0.27342 0.20158 -0.15511 0.24089 -0.03361 -0.12850 0.29612 -0.15750 -0.30049 0.38650 0.02845
0.15153 0.02429 0.13121 -0.02755 0.01918 -0.33892 0.17918 0.03618 0.43381 -0.06832 0.11388 -0.30747 0.23642 0.04967 0.38022 0.00898 0.10947 0.04856 0.18620 -0.33387 0.03261 -0.12293 0.25624 -0.02094 0.05809 0.07582 0.01291 -0.48853 0.15918 0.12237 0.02277 -0.38523
-0.06675 0.07493 0.02663 -0.05357 0.15605 0.25473 -0.70069 0.13967 -0.26215 -0.01295 -0.00069 -0.48035 -0.13946 -0.45318 -0.25483 -0.04260 -0.14877 0.05159 -0.12984 0.14208 0.05736 0.05086 0.09591 -0.15079 -0.15480 -0.36988 0.12746 -0.15802 0.11027 -0.06302 -0.06839 -0.20354
0.03345 0.07174 0.05975 0.07702 0.02283 0.16395 -0.36944 0.09018 -0.29789 0.07998 -0.19959 -0.22934 -0.26494 -0.50510 -0.32213 -0.02423 -0.57522 -0.16995 -0.28082 0.02911 0.16389 -0.23111 0.05871 -0.17183 -0.22787 -0.19402 0.00892 0.05724 -0.20648 -0.04725 -0.29842 -0.20543
0.04506 -0.17892 0.08685 -0.19507 0.11319 0.16115 -0.05407 -0.44079 -0.44008 -0.18335 -0.16702 -0.56807 -0.26980 -0.26052 -0.13156 -0.07149 -0.33215 -0.02931 -0.34739 -0.09970 0.10618 0.02740 -0.18667 -0.43980 -0.26724 -0.23857 -0.11910 0.11582 0.30738 0.31794 -0.36226 -0.58142
-0.08357 0.32414 -0.26305 -0.25692 0.05368 0.28847 -0.00213 -0.25744 -0.03080 -0.05930 0.24180 -0.39220 -0.34248 -0.18504 0.22389 0.13578 -0.06055 0.49257 -0.25644 0.08037 -0.04335 0.22509 -0.36349 -0.23573 0.11691 0.65900 -0.03993 0.13060 0.17128 -0.00684 0.11221 -0.26004
0.10895 -0.21406 -0.20477 0.15777 -0.03670 -0.18537 0.05557 0.41777 0.32300 0.00121 -0.02017 0.01262 0.70955 -0.17842 0.29614 -0.07207 0.03379 -0.11826 0.62476 -0.05263 0.08202 -0.19416 0.35492 0.40891 0.09648 0.31949 0.00446 -0.08699 -0.23745 -0.28240 0.16968 0.23097
0.24266 0.03281 -0.27933 -0.11691 -0.16253 0.03230 0.00019 0.12984 0.13338 0.09326 -0.10197 0.21593 0.18059 0.28559 -0.04875 -0.16371 -0.06806 0.00067 0.15694 0.18938 0.02000 -0.07240 0.15658 0.09050 0.02532 -0.02801 -0.13572 0.09038 -0.16816 -0.09076 0.00683 0.01352
0.08152 0.21612 0.05550 -0.08568 -0.07370 -0.10969 -0.17831 0.07296 -0.01297 -0.05178 -0.42136 -0.61340 0.20859 -0.03714 -0.18069 -0.54873 -0.15661 -0.12699 0.18136 0.10997 -0.25114 -0.28409 0.17168 -0.04819 -0.18571 0.20923 -0.08684 0.24966 -0.18986 -0.17243 -0.28650 -0.41532
-0.23072 -0.07314 -0.33564 -0.13838 -0.18263 -0.02133 -0.09951 -0.21576 -0.40439 0.00149 -0.35206 -0.39737 -0.22536 -0.36274 -0.16776 0.03415 0.14614 -0.01433 -0.32257 0.09167 0.13504 -0.14720 -0.61565 -0.21740 -0.39829 -0.04173 0.00275 -0.15788 0.01322 -0.12248 -0.22718 -0.08231
-0.00100 -0.00885 -0.00696 -0.00555 -0.10494 0.08743 -0.23387 0.18881 -0.26927 -0.30940 -0.23550 -0.11864 -0.29155 -0.59795 -0.07487 -0.22128 -0.08898 0.11348 -0.40890 -0.09654 0.16528 -0.06909 -0.63700 -0.39962 -0.02516 -0.08020 0.01147 -0.32877 -0.05230 0.46825 -0.15870 -0.31645
0.13760 -0.06822 0.18285 -0.21121 -0.09544 -0.08932 -0.19816 -0.28937 -0.17507 -0.07185 -0.23547 -0.11556 -0.29934 -0.02227 -0.22235 -0.02863 -0.08660 0.15767 -0.35894 0.00199 -0.00469 0.02235 -0.60697 -0.33290 -0.19096 -0.27040 0.03667 -0.07590 0.08547 -0.28065 -0.08274 -0.22534
0.23108 -0.03964 0.03960 -0.20251 0.01352 -0.17426 -0.04085 -0.15313 -0.08732 -0.14542 0.08982 0.21860 0.03828 0.01530 -0.06398 0.35415 0.16630 0.31874 -0.02694 -0.15258 -0.02997 0.27273 0.02537 -0.09168 0.23384 -0.03089 0.16860 0.07513 -0.07669 0.89314 0.17949 -0.13267
-0.21880 -0.05790 0.11823 0.18476 -0.09361 -0.08999 -0.08907 0.19169 0.14272 -0.03055 -0.08554 0.13735 -0.09978 0.56976 0.07782 -0.37678 -0.08793 -0.07605 0.05750 0.00793 0.01950 -0.20492 0.61970 0.02418 -0.25537 0.27763 -0.11539 -0.13749 -0.17519 -0.17174 -0.15640 0.12602
-0.17717 -0.01790 0.10149 -0.04225 -0.17840 -0.14316 -0.01751 0.07344 -0.21452 -0.20660 -0.18762 -0.20337 -0.13267 -0.38435 -0.20292 0.83238 -0.17223 -0.19793 -0.24110 -0.12781 -0.10595 0.11130 -0.07001 -0.27320 -0.12851 -0.09121 -0.17972 -0.17152 0.02110 0.00403 -0.31197 -0.35698
0.03928 -0.02697 -0.07697 -0.02599 -0.04855 -0.04739 -0.15858 -0.34760 -0.28842 -0.19494 -0.17569 -0.35799 -0.19430 0.13595 -0.10776 -0.50540 -0.13041 -0.21998 -0.04900 -0.19105 -0.10877 -0.17158 -0.41053 -0.19851 -0.27966 -0.10570 0.13779 0.16819 -0.13335 0.17949 -0.30529 -0.12800
-0.09115 -0.03595 0.05552 -0.04378 -0.04457 -0.11785 -0.32585 -0.46584 -0.58641 0.11116 -0.53168 -0.36578 -0.71395 -0.59706 0.05385 -0.18020 -0.24316 -0.16362 -0.68864 0.02940 0.12300 -0.32342 -0.41914 -0.42815 -0.68527 -0.06958 -0.12249 0.05288 -0.00504 0.14225 -0.54625 -0.67880
-0.06481 -0.14707 -0.07772 0.08691 0.00171 -0.16858 -0.32753 -0.48808 -0.70067 -0.14100 -0.64689 -0.19683 -0.60332 -0.66964 -0.02556 0.03744 -0.22297 -0.13872 -0.51158 0.04986 0.11315 -0.34883 -0.38101 -0.52281 -0.68255 -0.04046 0.08842 -0.12529 -0.11157 -0.17542 -0.55475 -0.73186
-0.09054 0.16289 0.04225 0.09418 0.03027 -0.15022 -0.25687 -0.69304 -0.65496 0.06020 -0.59082 -0.19237 -0.68150 -0.74890 0.26835 -0.23331 -0.04734 -0.12531 -0.71489 0.15397 -0.04813 -0.43113 -0.53685 -0.66002 -0.50517 -0.17364 -0.00741 -0.04368 0.06204 -0.04328 -0.50438 -0.57074
0.05196 -0.07192 -0.12160 0.02251 -0.11283 -0.10959 -0.26372 -0.14102 -0.20263 0.13767 0.04289 -0.04264 0.05913 0.00063 -0.26033 -0.01769 -0.11316 -0.20113 -0.03416 -0.05517 -0.08453 -0.08956 -0.20204 0.05251 0.02734 0.16734 -0.03131 0.05773 -0.00711 -0.14628 -0.00453 -0.20799
-0.06381 -0.07916 -0.17246 0.00634 0.02896 -0.01314 0.22369 -0.09458 -0.13530 -0.09642 -0.20809 -0.12821 -0.20685 -0.22066 -0.11718 -0.03121 -0.21143 0.19709 0.04682 -0.12053 0.07743 0.00337 -0.12147 0.07122 -0.08048 -0.16855 0.16251 -0.00748 -0.08852 -0.09336 0.04849 -0.10012
0.09764 0.11618 -0.06861 0.01500 -0.11435 0.14762 -0.00089 0.22036 0.14788 0.10905 -0.02146 0.09753 0.19469 0.09608 0.09126 0.08614 -0.21646 0.05836 0.18361 0.08670 0.16419 0.06536 0.14498 0.00682 0.07341 -0.08874 0.13100 0.00108 0.07192 0.09724 0.13604 0.12190
-0.01294 -0.14974 0.02848 -0.03916 -0.14859 0.16470 -0.11262 -0.19123 -0.27519 -0.16282 -0.03578 -0.18376 -0.17946 -0.01781 0.04890 -0.04250 0.01144 0.23414 -0.24015 0.13188 -0.03376 0.25564 -0.01282 -0.26504 -0.07025 0.06214 -0.06413 0.13405 -0.14639 -0.05609 0.06534 0.06955
