0.15567 0.04699 -0.16320 -0.09974 -0.09699 0.05284 -0.10239 0.11041 0.05585 -0.02803 -0.04080 -0.17246 -0.16556 0.17320 -0.02089 0.07495 0.06150 -0.01290 -0.13944 -0.00575 -0.15265 -0.05638 0.07357 0.07986 -0.11889 -0.24265 0.00804 -0.11643 -0.07828 0.03327 -0.04354 0.08770 -0.15952 0.00610 -0.25565
0.14193 -0.11663 0.06364 -0.16988 0.08513 -0.13569 0.07156 -0.11159 -0.04339 0.17730 0.04447 -0.06781 -0.00490 -0.17378 -0.17542 0.02936 0.17953 0.05806 0.05043 -0.07853 0.17466 0.01814 0.06975 0.01721 -0.04286 0.05092 0.16695 0.08554 0.03606 0.12899 -0.04475 0.07593 -0.19583 -0.12229 -0.11073
-0.11951 -0.00495 0.10676 0.10459 0.00074 -0.05562 0.02203 0.06839 0.09099 0.02652 0.08433 0.05834 -0.13772 0.04357 0.09274 -0.04699 -0.06945 -0.06570 0.01834 -0.02292 0.09376 0.02047 -0.11915 0.12207 0.17040 0.02714 0.11524 0.13526 -0.06066 0.05806 -0.03176 -0.09126 -0.10978 -0.12064 -0.13843
0.15678 -0.16236 -0.19978 0.22147 0.13315 0.14008 0.10054 -0.08675 0.00868 0.06897 -0.08938 -0.11962 0.01579 -0.01594 0.07327 0.09944 -0.12689 0.00005 0.02584 -0.08384 -0.05512 -0.09829 0.12670 -0.15112 -0.19718 0.13561 -0.01618 0.07590 -0.06345 0.01391 0.03694 -0.09397 -0.06561 -0.01906 -0.22810
0.06382 -0.00230 0.10670 -0.18819 -0.00749 0.09705 -0.12145 -0.09941 -0.17321 0.08498 0.01685 -0.12989 0.20345 -0.12599 -0.20321 0.08585 0.02195 0.00396 0.14734 0.11122 -0.17685 0.20158 0.02479 -0.13296 -0.01719 0.16149 -0.13524 -0.03282 -0.20295 0.14993 -0.06773 0.00904 -0.04473 -0.00751 -0.06238
-0.08913 0.10697 -0.01344 0.20318 0.06205 -0.11165 -0.24302 0.18065 -0.15336 0.05992 -0.15030 -0.08885 -0.18500 -0.13208 -0.17515 -0.04505 -0.20587 -0.12680 -0.08316 -0.17341 -0.07793 -0.14387 0.21825 0.00540 -0.13909 0.13069 0.02503 0.19292 0.26632 0.40119 -0.18314 -0.06115 -0.08951 -0.16580 -0.32306
0.56425 -0.00981 -0.00667 -0.29998 -0.38076 -0.23370 -0.06819 0.48699 -0.13303 0.01507 0.43811 -0.01303 0.66489 0.20595 -0.06044 0.76474 0.38033 -0.05255 -0.05275 -0.41282 0.37177 0.10110 -0.20106 -0.65751 -0.18201 -0.06801 0.44662 -0.12906 0.22670 0.26292 -0.08308 -0.03534 -0.04011 -0.21552 -0.18734
1.01282 0.06098 -0.36595 -1.10534 -0.17279 -0.18464 -1.03655 -0.03525 0.55321 -0.22486 0.20610 -0.13700 0.33720 0.26991 -0.20127 0.41962 -0.31992 0.15463 0.02901 -0.46203 0.02123 -0.21248 -0.41853 -0.22518 -0.47188 -0.04422 0.29350 -0.24472 0.42843 -0.25607 -0.11117 0.19181 0.09233 0.01662 0.08612
0.12544 -0.04167 0.02204 -0.42348 -0.25068 0.25141 -0.42196 0.06638 -0.04350 0.13884 -0.18292 0.35524 0.09906 0.36132 0.19424 0.24895 -0.31005 -0.16895 0.05152 -0.29801 0.14372 0.09722 0.01074 -0.08194 -0.07648 -0.02011 -0.26689 0.09837 0.24587 -0.01617 0.12783 -0.28312 0.31280 0.55955 0.19587
0.08445 -0.20032 -0.00520 -0.05602 -0.21519 -0.15152 0.07491 -0.04659 -0.08741 0.00547 -0.00678 0.13047 0.05083 -0.00694 -0.22015 -0.00386 -0.02266 0.08846 -0.04532 -0.26984 0.21223 -0.21496 0.09535 -0.03578 -0.28815 -0.19390 -0.27927 0.22139 0.20298 -0.04632 -0.01389 0.17599 -0.16493 -0.09102 -0.14294
0.12217 -0.09963 -0.05032 0.78939 -0.26302 0.26611 0.22408 -0.32532 -0.25453 0.52597 0.02328 0.03220 0.19000 0.25972 -0.09216 0.05811 0.16210 -0.11177 -0.16685 0.21601 -0.09027 -0.19462 0.10110 -0.00437 -0.04630 -0.18175 -0.20196 -0.03285 0.12236 -0.12609 0.14976 0.14654 -0.05179 -0.14974 0.10220
0.56364 -0.03323 0.04899 -0.65460 -0.08326 -0.10194 0.16219 -0.40509 -0.10016 0.00041 0.20826 0.12976 0.05557 0.22888 0.06419 -0.07726 0.70047 -0.22515 -0.26776 -0.03381 -0.09239 -0.12773 -0.65559 0.21126 -0.22329 -0.21075 0.44197 -0.11236 -0.08637 -0.09905 -0.15590 0.17373 0.18673 -1.07790 0.05376
0.62623 -0.11897 0.02345 -0.56075 -0.19461 -0.05775 -0.27198 0.15920 0.33142 -0.15475 0.27192 -0.15135 0.35045 0.14769 0.06536 0.64919 -0.22846 0.25830 -0.24271 -0.35484 0.20926 0.21589 -0.49289 -0.26373 -0.88701 0.07940 0.36029 -0.07629 -0.00767 0.16772 -0.08066 0.16956 0.42107 0.36834 -0.01771
-0.01390 -0.32795 0.36658 0.04640 0.04759 -0.28219 -0.20600 0.02577 0.05581 0.28381 0.00456 -0.02692 0.30352 -0.25373 -0.24595 0.13002 0.24070 0.12303 -0.12355 -0.39250 -0.19371 0.22773 -0.20584 -0.17880 -0.06384 -0.03239 0.32038 -0.03213 -0.30666 0.05802 -0.10982 0.14371 0.04702 -0.61831 -0.14112
-0.07480 0.09986 0.07081 0.42636 -0.33488 0.37667 -0.56113 -0.07949 -0.02158 0.33594 -0.01300 0.16819 0.16218 0.41839 0.03335 0.16674 -0.25977 -0.12656 -0.05858 -0.25133 0.18801 -0.14577 0.41339 -0.28602 0.18227 -0.13219 -0.15739 -0.35184 0.29598 0.19731 -0.07388 0.04950 0.40815 0.88542 0.01374
0.02230 -0.19865 0.09957 -0.08546 0.32180 -0.32035 -0.11694 0.14698 0.08065 -0.42146 -0.03807 -0.22794 0.13240 -0.25042 -0.01525 0.02645 -0.19802 0.48070 0.02526 -0.11600 -0.05791 0.36859 -0.11294 0.12883 0.06996 0.31252 0.13895 0.03990 -0.30763 0.01385 -0.28598 -0.01232 -0.04567 -0.25512 -0.10638
-0.08251 0.09486 0.06817 0.03605 -0.38932 -0.14674 -0.35613 -0.00839 0.09673 -0.16446 0.17216 0.13630 0.25170 -0.14472 -0.14002 0.11416 -0.00244 0.15419 0.02463 -0.27166 0.13441 -0.09651 0.06524 -0.16825 -0.11435 0.12647 0.16095 0.11110 0.02357 0.26763 0.27554 -0.14075 0.04643 -0.26537 -0.30864
-0.15260 -0.01463 -0.22507 1.00912 -0.10887 0.03374 0.29172 0.18521 -0.12516 0.52692 -0.29666 -0.05439 -0.05411 0.02484 -0.03789 0.00569 -0.16469 0.14099 0.40476 -0.09071 -0.15893 0.08025 0.10704 0.02955 0.30624 -0.21208 -0.42692 -0.18047 -0.03092 0.29694 0.20286 -0.12963 -0.47470 0.04968 -0.23067
-0.07937 -0.14741 0.21496 -0.51784 -0.24507 0.15069 -0.66702 0.06386 0.38052 0.21030 0.04459 0.07239 0.11884 0.12132 -0.01305 0.20261 -0.04966 0.10748 -0.01994 -0.00015 0.01977 -0.02002 0.00391 0.18161 -0.34281 0.11917 -0.19840 -0.05658 0.23224 0.08372 0.01002 -0.15366 0.37837 0.58287 0.03614
-0.04871 -0.16121 -0.00199 0.15237 -0.03248 -0.17322 -0.13603 -0.07743 0.28666 -0.01552 -0.20400 0.11366 0.06029 -0.09048 -0.24812 -0.01074 -0.00901 0.25405 -0.05849 -0.07283 -0.02304 0.22654 0.21227 0.05404 -0.25353 0.02669 -0.17193 0.26077 0.17008 -0.08410 0.03509 -0.01135 0.02490 -0.19142 -0.28254
0.13255 0.05143 0.01697 0.27921 0.11922 0.05391 0.11780 0.00679 -0.08759 -0.05544 0.10951 -0.14137 0.14281 -0.14017 -0.05563 0.01358 -0.11863 0.12296 0.02444 0.28484 -0.10529 -0.05529 0.27199 0.09165 -0.10177 0.06845 0.09598 0.12228 -0.05316 0.05068 0.05214 0.05973 0.02956 -0.10674 -0.30849
-0.15101 -0.03246 -0.10956 0.68749 -0.38025 -0.09831 0.00892 -0.00263 -0.08793 0.44473 -0.18071 -0.00118 -0.17731 0.03742 -0.11629 -0.00884 -0.11870 -0.25966 0.37700 -0.11297 0.01169 -0.00784 0.07566 0.16365 0.07600 -0.23760 -0.30466 -0.13352 0.15542 0.01075 0.10021 0.08732 -0.34039 -0.08281 -0.01548
0.00662 -0.15790 -0.00502 -0.36437 0.22269 -0.16537 -0.14075 -0.00898 0.05777 0.02666 -0.18735 -0.11517 0.07127 -0.15059 -0.23132 -0.07510 0.18205 0.14161 0.00404 -0.20027 -0.36549 0.16146 0.13014 0.13057 0.08116 0.49907 -0.28695 0.40486 0.11074 0.13463 -0.18721 -0.57869 0.12572 0.46811 -0.17372
0.52259 -0.10043 -0.20336 -0.67367 -0.33051 0.16557 -0.25421 -0.16639 0.53852 -0.33620 0.55082 0.29684 0.35870 0.36338 0.39312 0.34789 0.29707 -0.34082 0.03216 -0.15191 0.01859 -0.09910 -0.40436 0.02064 -0.61691 -0.29315 0.64767 -0.17684 0.06762 -0.26467 0.02328 -0.00777 0.61821 0.01587 0.16186
0.21914 0.33519 -0.20610 0.30185 -0.14876 0.21433 -0.14802 0.11089 0.20725 0.20040 0.17306 0.12899 0.12596 -0.04400 -0.03920 0.05485 0.20529 0.11252 0.25802 -0.14579 -0.02237 -0.20130 -0.20115 -0.23113 -0.27927 -0.18187 -0.14171 -0.01161 0.03935 0.32355 0.02426 -0.05431 0.05122 0.05835 0.08688
0.12081 0.16244 -0.01288 -0.02004 0.02885 -0.00454 -0.22624 -0.06427 0.12294 0.28147 0.16939 0.05463 0.26593 0.00370 -0.24514 0.44524 0.00988 -0.09066 -0.19275 -0.27354 0.30322 0.11528 -0.09557 0.00611 0.04033 -0.16103 0.08802 0.03044 -0.09683 0.18798 -0.11089 -0.17726 -0.05620 0.13138 -0.41126
0.06614 0.04181 -0.10683 0.16884 -0.08533 -0.14667 -0.04653 0.14231 -0.21680 0.13091 0.02204 -0.08437 0.12630 0.06409 -0.07551 0.14722 0.03854 -0.07212 0.17838 -0.03240 0.11344 -0.13388 0.16774 0.04282 0.02885 -0.15153 -0.05147 0.03500 -0.10745 -0.01309 -0.16301 -0.20715 -0.02886 0.02616 -0.11855
0.24044 -0.18056 -0.07424 -0.09292 -0.14569 -0.06089 0.04277 -0.04955 0.21440 0.12407 -0.10824 -0.18173 -0.06366 -0.21509 -0.15148 0.08695 -0.26232 -0.04664 -0.10883 -0.07828 -0.13001 0.27303 -0.27921 -0.07257 -0.05034 0.11732 0.05849 0.16239 -0.08685 0.13832 0.05061 -0.14368 -0.10725 0.05542 -0.36144
0.01276 0.05083 -0.03564 0.13076 0.26250 0.08403 -0.01494 0.13383 0.31865 -0.11297 0.26660 -0.11839 0.06873 -0.03288 -0.12261 0.19059 0.06045 0.03524 0.05256 -0.12159 -0.10130 0.08181 -0.09013 -0.09506 -0.25220 -0.02186 0.15628 -0.11651 0.18246 0.00431 0.09846 -0.09435 -0.11852 0.01272 -0.20961
-0.09769 0.25175 -0.04078 -0.81863 -0.32457 0.20008 -0.20801 0.22927 -0.00420 -0.10046 -0.01443 -0.10490 -0.09162 -0.07241 0.02025 0.03155 -0.13663 0.04428 0.15510 0.20989 0.22103 -0.14294 0.01156 -0.17755 0.28137 0.09423 -0.51136 -0.06565 0.30706 -0.09438 -0.32656 0.14538 -0.09644 -0.16291 -0.36824
-0.27532 0.37865 -0.14266 0.49488 0.16743 0.08670 -0.01647 -0.02831 -0.09837 0.90166 0.02745 0.27326 -0.00187 0.10149 -0.01551 0.15336 0.12895 -0.31461 0.19435 0.26417 0.21642 -0.14387 -0.28766 -0.25848 -0.03154 -0.05871 0.06049 -0.11501 0.19205 0.27912 0.31505 0.18178 0.33841 -0.17093 0.13170
0.44265 -0.14055 0.05894 -0.49339 -0.48699 -0.08800 -0.30304 -0.04787 0.19532 -0.34978 0.20319 0.09759 0.13905 -0.10596 -0.06495 -0.00814 0.37947 -0.21085 -0.02127 0.02582 -0.09005 -0.15557 -0.48825 0.29065 -0.52354 0.04118 0.46827 -0.25486 -0.03146 -0.27023 0.01082 0.09940 0.27271 -1.09695 0.03064
