-0.05179 0.07612 -0.21840 -0.18970 -0.14299 0.00597 -0.03856 0.21973 -0.08433 0.03972 -0.14322 0.01807 0.26775 -0.03543 -0.13053 0.06845 0.04795 0.07335 -0.13935 -0.20615 -0.02859 0.16413 -0.09415 0.18176 -0.01980 0.12462 0.16867 -0.23184 -0.21820 -0.06267 -0.12221 0.20206
-0.15101 -0.15090 -0.12784 -0.25215 -0.14912 0.15196 0.14677 0.02793 0.00930 -0.15747 -0.03489 -0.16506 -0.12773 -0.09113 0.00969 -0.01116 -0.13432 -0.08418 0.07140 0.14224 -0.05326 -0.11723 0.06823 -0.10853 0.03294 -0.13706 -0.12252 -0.20767 0.00056 0.00722 -0.15217 0.01475
0.09705 -0.06061 0.00675 0.00266 0.07137 0.16974 -0.13623 -0.10308 0.06947 0.10817 0.15383 0.11768 0.03518 -0.15372 0.01626 -0.14889 -0.20305 0.11877 0.13441 -0.17634 -0.00521 -0.02978 -0.06739 -0.11922 0.06798 -0.10471 0.06480 0.08940 0.08825 0.02780 -0.17496 -0.15297
0.03094 -0.01102 -0.15628 -0.15560 0.11346 0.11912 -0.13788 -0.14283 -0.20928 -0.03951 -0.17185 -0.15119 0.00584 0.01516 -0.12377 0.05625 -0.14542 0.11666 0.06496 -0.19471 -0.08623 -0.03609 -0.01212 -0.01538 0.09958 -0.06048 -0.08625 0.02721 -0.19268 -0.13704 -0.08949 -0.12284
-0.14219 -0.24051 -0.16074 -0.09473 -0.22902 -0.00907 0.01064 -0.02333 0.05193 -0.07837 -0.06533 0.24920 0.03185 0.15236 0.07443 -0.03345 -0.27983 -0.18041 0.02609 -0.08467 -0.21650 -0.23217 -0.26197 -0.25087 -0.11801 0.02888 0.05237 -0.33065 -0.04355 -0.24421 -0.13866 -0.12899
-0.05741 -0.05049 -0.21016 -0.50754 -0.05815 -0.06105 -0.28783 -0.00139 -0.03725 0.08518 0.08100 -0.23637 0.02783 0.11078 -0.28229 0.10448 -0.00671 -0.09825 0.13507 -0.21709 0.13051 -0.18403 0.21214 -0.05803 -0.01439 -0.21699 -0.05942 -0.30573 -0.10951 0.15066 0.15870 0.12750
-0.10255 -0.03568 -0.07149 -0.37067 -0.07409 0.02014 -0.34915 0.12645 -0.01285 0.12044 -0.32743 -0.06658 -0.00015 0.02654 -0.24612 0.23952 0.04916 0.00030 0.01792 -0.12642 0.02836 -0.16896 0.03961 0.05207 -0.01464 -0.10564 0.15162 -0.47262 -0.00405 0.14584 0.08808 0.08557
-0.14939 0.06009 -0.11792 -0.06298 -0.07422 -0.11269 0.01124 0.25952 -0.00971 0.17903 0.09540 -0.03064 0.32544 -0.10214 -0.11139 0.08105 0.04885 0.14587 -0.08304 -0.08466 0.17932 -0.15509 0.17148 -0.14443 0.10341 -0.30655 0.00391 0.01035 0.13850 -0.08443 -0.11405 0.06908
-0.24543 0.05289 -0.06481 -0.36831 -0.12236 0.04497 -0.13740 0.18534 0.01422 -0.01458 -0.34937 0.10071 0.27494 0.00830 -0.28724 -0.01414 -0.22278 -0.01464 -0.07610 -0.22005 0.18414 -0.29427 0.00236 0.12065 0.09144 -0.25910 -0.11530 -0.15798 -0.03148 0.17544 -0.04185 0.14482
-0.07785 -0.04942 -0.06610 0.02235 0.01846 -0.00365 -0.07719 -0.10897 0.12225 -0.13160 0.03499 -0.05944 -0.08529 0.03176 -0.12926 0.04073 -0.00270 -0.17282 -0.00799 0.03786 0.06997 -0.05968 -0.10336 -0.02725 0.06140 -0.06450 0.06710 0.08030 -0.12973 0.04331 0.03570 0.01386
