-0.06178 -0.09571 0.06827 0.11549 -0.14993 0.05934 0.00497 0.12435 0.15075 0.08220 -0.09278 -0.01364 0.08851 0.15059 -0.11039 0.18303 -0.07445 0.08782 -0.08938 0.08862 0.02657 0.15352 0.15536 0.07319 0.08756 0.01042 -0.07388 0.03257 -0.00431 -0.05294 -0.09260 -0.08576 -0.17226 -0.10336 0.11729
0.12844 0.17836 -0.22766 -0.07922 -0.03805 -0.09445 0.11037 -0.24095 -0.11132 -0.27026 -0.17630 0.11886 0.15107 0.24576 0.12501 0.12135 -0.20295 0.03875 0.13792 0.21051 0.22288 0.03035 0.07562 -0.09389 0.00185 -0.04459 -0.04906 -0.09676 0.01982 -0.19682 0.12436 0.19681 -0.06839 -0.14672 0.04683
0.30138 0.01546 -0.11775 0.05184 0.10130 -0.17102 0.07510 0.14525 -0.09327 0.04938 -0.02604 -0.03612 0.20304 -0.09841 -0.13156 0.04716 -0.11170 -0.03256 -0.02973 0.15748 0.09041 -0.10925 0.05130 0.10655 0.04623 -0.15332 0.02225 -0.16081 -0.06764 0.09976 -0.16348 0.06772 0.16158 0.01459 -0.15886
-0.06604 0.00109 -0.04456 0.16925 -0.08318 -0.13796 -0.21055 0.03770 0.11085 -0.09183 0.11960 -0.07412 0.07235 -0.00226 -0.13207 0.10384 0.09864 0.18402 0.05272 -0.11217 0.10431 -0.00697 -0.04430 -0.12230 0.06687 -0.07683 -0.06927 0.04061 -0.17657 0.04202 0.04770 0.01449 -0.30703 -0.64402 0.11572
0.26295 0.12110 0.12923 0.04376 0.11172 -0.21457 -0.31813 0.08479 -0.12439 0.08082 -0.13681 -0.13838 -0.08161 0.07217 -0.09469 0.22949 -0.06410 0.14753 -0.06087 -0.08339 -0.01986 0.08994 0.24300 -0.02429 0.20034 -0.01867 -0.14810 -0.05849 0.17372 0.21103 -0.21351 0.07687 0.04376 -0.10335 0.13740
-0.08402 0.11143 0.02569 0.03038 -0.00537 -0.01166 0.07280 -0.11131 0.00368 -0.01050 0.06450 -0.07075 -0.01200 0.10992 -0.03927 0.05104 -0.08801 0.07038 -0.08913 -0.11904 -0.06774 0.15532 0.01285 0.02028 -0.12637 0.06346 0.11748 -0.12325 -0.09457 -0.13190 0.03544 -0.01813 -0.08104 -0.09750 -0.04684
-0.09099 -0.01867 -0.01546 0.01904 0.06837 0.07700 -0.20183 0.07531 -0.04715 0.02959 -0.07062 -0.16109 0.20328 -0.13788 0.03077 0.01375 -0.10817 0.01768 0.05705 0.01586 -0.16733 -0.12191 -0.15112 -0.00982 -0.04688 0.20305 0.02145 -0.05169 0.01966 0.00645 0.07788 0.06198 -0.26042 -0.54435 0.10210
0.08710 -0.01085 -0.23647 0.21215 0.17136 -0.00036 -0.08743 -0.26360 -0.00099 -0.04932 -0.12483 0.06779 0.05305 0.26401 0.18522 -0.09880 -0.33759 -0.22933 0.18683 0.17738 0.13107 -0.22625 0.22080 0.09361 0.18757 -0.22246 -0.09475 -0.16456 0.27608 -0.17002 -0.03569 0.22554 -0.09634 -0.24525 -0.10965
0.04183 -0.09266 0.02378 -0.00410 0.09817 0.15158 0.03266 0.06532 0.15874 0.03315 -0.03093 0.05961 0.02776 -0.25545 -0.10645 -0.05136 0.07728 0.00331 -0.08319 -0.01875 0.18769 0.13111 0.01249 0.00024 0.06791 -0.11264 -0.05501 -0.09591 -0.04285 0.10394 -0.03286 0.00702 -0.07349 -0.02893 -0.19035
0.07964 -0.08066 0.16865 0.03867 -0.12253 0.14959 -0.00534 0.15602 -0.22135 -0.08798 -0.17159 0.01579 0.20471 -0.06353 0.08025 -0.11994 -0.02429 0.14260 -0.17188 0.07389 0.16989 -0.05523 0.16488 -0.12874 0.19410 -0.18917 -0.14160 -0.03548 0.09672 0.10269 0.14034 0.03642 -0.12078 0.21351 -0.09730
0.19460 -0.14431 -0.07936 0.06683 0.04281 0.16543 -0.11046 -0.15326 0.04725 -0.00196 0.16344 -0.09034 0.14976 0.17474 0.02223 -0.20388 0.07121 -0.18404 0.09467 0.02027 -0.02472 -0.01728 -0.23123 0.02772 -0.08601 -0.06697 -0.03426 0.08423 -0.10368 0.04704 0.01528 -0.07313 -0.28412 -0.47319 0.21755
0.00843 -0.04510 0.07427 0.13669 0.15868 0.11353 -0.13783 0.00774 -0.14335 -0.06916 0.00838 0.15028 -0.11535 0.15387 -0.13306 0.08850 0.11399 0.01145 -0.02893 -0.14273 0.16461 0.04806 -0.04768 0.10215 -0.10247 -0.09640 0.00252 0.14512 -0.05116 0.14720 0.01644 0.09711 -0.05367 -0.03761 -0.09668
-0.17957 0.06581 0.02794 0.14700 0.03774 0.08476 -0.08149 0.11237 -0.03487 -0.16639 -0.03814 0.19081 -0.21164 0.20283 0.11323 -0.11442 -0.16860 0.06648 -0.00913 0.03838 0.11401 -0.20802 0.14449 0.09212 0.13256 -0.18661 0.18832 -0.18588 0.27839 -0.21967 -0.07581 0.23732 -0.12619 -0.17481 -0.08610
-0.07484 -0.07462 -0.17893 -0.07013 -0.01715 0.03650 0.04484 0.09396 0.11824 -0.07836 0.01651 -0.03519 -0.10320 0.03897 -0.01333 0.07723 -0.02983 0.11235 -0.07184 -0.05703 0.13203 0.11675 -0.11075 -0.01229 -0.08800 -0.09841 0.00790 -0.00796 -0.07899 0.05582 0.10221 -0.01054 0.05228 -0.03039 -0.02097
0.14129 -0.04966 0.11942 0.01171 0.03020 -0.00212 -0.09835 -0.02818 -0.04562 -0.04939 0.07122 -0.05193 0.03663 -0.03529 -0.16170 0.06376 -0.07426 -0.02790 -0.08926 0.13716 -0.02672 0.13221 -0.02607 -0.05209 0.17521 -0.09230 0.09300 0.15135 0.01764 0.01367 0.03758 0.16116 -0.22779 -0.54856 0.15923
-0.15911 0.04620 -0.14324 0.30246 -0.20599 0.17315 0.26830 -0.03018 -0.02715 0.27140 -0.06140 -0.00215 -0.05903 -0.00325 0.07263 -0.01746 -0.09956 -0.23512 -0.01183 0.01547 0.06035 0.09038 0.25474 -0.15270 -0.00103 -0.14392 -0.23508 -0.15380 0.28552 0.11629 0.11557 0.19759 -0.11636 -0.03988 0.03588
-0.02574 0.14515 0.12085 0.37907 -0.01540 -0.01016 -0.29555 0.19511 0.08270 0.07599 0.28450 0.01975 0.34091 -0.08115 -0.02558 0.10303 -0.24849 0.06126 -0.11500 -0.22640 0.08726 0.19857 -0.02587 0.02700 0.18263 0.14020 -0.15005 -0.05772 0.10429 0.27464 0.02979 -0.26303 -0.24805 0.14136 0.05066
-0.21880 0.15354 -0.24301 0.15382 -0.00287 0.22311 -0.15435 -0.28810 0.11150 0.07531 0.04894 0.17342 -0.24735 0.20878 -0.12811 -0.03256 -0.24434 -0.15031 0.06730 0.06722 0.02885 -0.25128 -0.13442 0.07860 -0.13746 -0.16900 -0.05737 -0.18816 -0.03332 -0.00156 0.14733 0.12129 -0.13488 0.09776 -0.06214
-0.05837 -0.14184 0.31516 -0.16118 -0.16619 0.02119 0.16035 -0.10854 -0.02345 0.33303 0.07526 -0.07336 0.34557 0.15935 -0.11566 -0.00170 0.26275 0.15717 -0.25987 0.06177 -0.18031 -0.15930 -0.07241 -0.08248 0.11475 -0.09021 -0.13768 -0.01564 -0.21635 0.15363 -0.11687 0.15093 0.04810 -0.07538 0.05485
0.05417 0.03063 -0.01820 0.10628 0.03945 0.00224 -0.27506 0.03227 -0.25775 -0.07585 0.14219 -0.14928 -0.07258 -0.06426 -0.07542 0.09224 -0.05675 0.10331 -0.14250 0.03242 0.11263 0.15596 -0.10173 -0.16822 0.09787 0.08744 -0.06736 -0.11425 0.10028 -0.01122 -0.16333 -0.08418 -0.17473 -0.50672 0.18443
0.05395 0.02945 -0.02147 -0.17292 -0.04973 0.17925 -0.04713 -0.17244 -0.13184 0.04804 -0.05422 0.17969 -0.02544 0.13553 0.15767 -0.12073 0.31064 -0.05678 -0.15015 0.25980 -0.06201 -0.20538 -0.18791 0.01660 -0.31708 -0.08029 0.25811 0.02428 0.17402 -0.12775 -0.05094 0.21075 -0.02698 0.23150 -0.09853
-0.11376 -0.09003 -0.11451 0.06043 0.15441 -0.04555 -0.03676 0.10243 -0.11212 0.13819 -0.10294 -0.20407 -0.01780 0.18806 -0.01212 0.05700 -0.20631 0.12308 -0.07246 0.09027 0.10470 0.14938 -0.00200 -0.03898 -0.00586 -0.04683 0.13663 -0.02068 0.04607 -0.13157 -0.11789 0.06252 -0.21326 -0.42610 0.06749
-0.04932 -0.09658 0.13055 0.02521 -0.26238 0.26880 0.01081 -0.37543 0.06026 0.07203 -0.04249 -0.17260 0.08505 0.31683 -0.04045 -0.40873 0.33811 -0.32526 -0.10144 0.01728 -0.07036 -0.37169 -0.38255 -0.02801 -0.19908 -0.10553 -0.07025 -0.21228 0.05132 -0.27403 -0.09623 0.20900 -0.07979 0.27570 -0.13294
-0.21276 0.02557 -0.09124 0.06578 -0.22521 -0.05276 0.16095 -0.11247 -0.19322 0.06671 -0.29100 0.04761 -0.12415 0.15690 -0.15539 0.07634 -0.40393 -0.12036 0.07646 0.22912 -0.07898 -0.06198 0.28031 -0.25213 0.18835 -0.25427 -0.08339 -0.12142 0.16190 0.06082 -0.05968 0.10087 0.11104 -0.17134 -0.21336
0.00539 0.10750 -0.08630 -0.05200 -0.07104 0.06690 -0.01521 0.05705 0.06791 -0.09650 -0.00794 -0.13474 0.17264 -0.10206 -0.19779 -0.20236 -0.05866 0.15883 0.09009 -0.18967 -0.04965 0.14596 0.05438 0.23721 -0.07773 -0.05444 0.09966 -0.04093 0.19734 0.04262 -0.01749 0.10695 0.07151 -0.10357 -0.14574
0.15621 -0.15923 0.13756 -0.03693 -0.28886 -0.03292 -0.11456 -0.06271 -0.00876 -0.20824 0.03568 0.16876 0.25837 -0.12939 0.21511 0.15680 0.13092 -0.16304 0.20268 -0.10855 0.14222 -0.15085 0.03917 0.16117 -0.08100 0.01446 0.26279 -0.23027 -0.06065 0.20109 -0.11009 0.06726 0.22875 0.35941 -0.15287
-0.10972 -0.02398 0.11066 -0.10381 -0.12128 -0.14450 -0.15485 -0.01715 0.10752 -0.00552 0.15788 0.09505 0.14567 -0.14319 0.01893 0.11761 0.06636 -0.10156 0.02996 0.11921 -0.15965 0.07638 0.17233 -0.07641 0.08042 0.11999 0.03129 0.18628 0.07151 0.19209 -0.11050 0.09921 -0.10312 -0.01751 -0.09648
-0.07079 0.08817 0.09005 0.13928 0.20049 -0.07507 -0.07871 -0.02619 0.01082 0.01826 -0.03634 -0.00291 0.14898 -0.03389 -0.08202 0.09391 0.05463 -0.07857 0.02486 -0.09487 -0.14192 -0.01752 -0.16087 0.04563 -0.08785 -0.06031 0.06621 0.05378 0.01386 0.02873 0.04972 -0.09917 -0.28791 -0.62005 0.15240
0.15641 0.02758 -0.06810 -0.14388 0.09690 0.18209 -0.29879 -0.20132 0.20182 -0.07981 0.08322 0.06315 -0.10109 -0.09340 -0.13783 0.14650 0.03411 -0.15079 -0.03747 -0.07645 -0.05106 -0.22599 -0.00547 0.21341 -0.22458 -0.03576 0.10221 -0.06183 0.10264 -0.01917 -0.10298 0.03462 -0.07472 0.13852 -0.08645
-0.15036 0.12594 -0.08959 -0.08078 0.11972 0.00167 0.29065 0.11093 0.13272 0.02199 0.14574 -0.08440 -0.00910 0.18556 0.09618 -0.00841 0.33848 -0.16038 0.11964 0.08188 0.01039 0.01934 -0.27446 -0.27518 0.13486 -0.13611 0.13262 -0.19521 -0.06938 -0.05167 0.05547 0.03677 0.09714 0.14333 -0.00382
0.17586 -0.33862 0.21376 -0.06631 0.21285 0.11057 0.11719 -0.04176 -0.17529 0.32388 0.01537 -0.02650 0.35023 0.18407 0.10123 -0.16372 0.36426 -0.04200 -0.02441 -0.02987 -0.23375 -0.08675 -0.37700 0.08963 0.11902 0.09259 0.15166 0.00224 -0.16380 -0.02963 -0.16783 -0.04531 0.18135 0.24322 0.07351
-0.11526 0.12442 -0.25119 -0.16258 -0.05379 0.02090 -0.04400 -0.18956 -0.17187 -0.24000 -0.08309 0.13947 0.08875 0.05851 -0.11871 -0.23864 -0.15136 0.08755 -0.04730 0.00436 -0.05917 -0.07930 -0.12423 -0.28972 0.28770 -0.16085 -0.05564 -0.10779 -0.05511 -0.12797 0.12130 0.02034 -0.03381 -0.12356 -0.24320
