##[Gaussian Mapper]keyframe id, dssim
45 0.5151469707
46 0.5107104778
47 0.4872069061
48 0.5444087982
49 0.7015437484
50 0.6941097975
51 0.7340162992
52 0.7189533710
53 0.5975956321
54 0.6169038415
55 0.6320319176
56 0.6239616871
57 0.5094648004
58 0.5401445627
59 0.5468957424
60 0.5584681630
61 0.5318429470
62 0.5605944395
63 0.5752880573
64 0.6145256162
65 0.6403830647
66 0.6711537838
67 0.6814565063
68 0.4621842504
69 0.4904967546
70 0.5111802220
71 0.6332017183
72 0.6914688349
73 0.7219601870
74 0.7073506117
75 0.7232126594
76 0.7592423558
77 0.7700616717
78 0.7600933313
79 0.7644340992
80 0.7590861320
81 0.4042931795
82 0.5228600502
83 0.5357486606
84 0.5880109668
85 0.6118106246
86 0.6487287283
87 0.6730419397
88 0.6795806885
89 0.6904562712
90 0.7271609902
91 0.6716346741
92 0.6617278457
93 0.6544314623
94 0.6377428174
95 0.5812404752
96 0.6012266874
97 0.5555167794
98 0.3727925718
99 0.4897180498
100 0.4283489883
101 0.5458046794
102 0.5675466061
103 0.5727445483
104 0.6049764752
105 0.6031005383
106 0.5976569057
107 0.6106780171
108 0.6452731490
109 0.6385433078
110 0.6703596711
111 0.7357848287
112 0.6763516665
113 0.6238414645
114 0.6287020445
115 0.6303715110
116 0.6876588464
117 0.7032607198
118 0.6655613780
119 0.6907944083
120 0.6782333851
121 0.7852068543
122 0.7624893188
123 0.5426563621
124 0.5456153750
125 0.5445801616
126 0.5760545135
127 0.5701393485
128 0.5951872468
129 0.5929455161
130 0.5784857273
131 0.5749536753
132 0.4785026908
133 0.5093252659
134 0.5601938367
135 0.5874203444
136 0.6219970584
137 0.6196773648
138 0.6416335702
139 0.5416106582
140 0.5416924357
141 0.5321202278
142 0.5292308331
143 0.5181480050
144 0.5489767790
145 0.5578978062
146 0.5608153939
147 0.5606557131
148 0.5785015225
149 0.6163556576
150 0.6075730920
151 0.6048575640
152 0.5996305943
153 0.5917518139
154 0.6070455909
155 0.5385095477
156 0.5549469590
157 0.5600524545
158 0.6089439392
159 0.6148813963
160 0.6161856651
161 0.6248076558
162 0.6693959832
163 0.6832990050
164 0.6636862755
165 0.6738283038
166 0.6752325296
167 0.6885820031
168 0.6974719167
169 0.7022825480
170 0.7046880722
171 0.6908673048
172 0.5358083844
173 0.5363031030
174 0.5375589728
175 0.5297807455
176 0.5609342456
177 0.5830540657
178 0.5771210194
179 0.5961143374
180 0.6413031816
181 0.6505271792
182 0.6528089046
183 0.6639679670
184 0.6724447608
185 0.6748009920
186 0.6795137525
187 0.6859564185
188 0.6673635244
189 0.5436943769
190 0.5669042468
191 0.5926158428
192 0.6169185638
193 0.5955321193
194 0.5842201114
195 0.5659914017
196 0.5956052542
197 0.5941534042
198 0.6009098291
199 0.5839620233
200 0.5685057044
201 0.5407606363
202 0.5136749744
