##[Gaussian Mapper]keyframe id, psnr
45 10.4587821960
46 10.0436058044
47 8.7521419525
48 10.4414072037
49 15.2732744217
50 15.1577129364
51 16.4794235229
52 16.6596622467
53 9.9655494690
54 10.2476539612
55 10.8305721283
56 11.7026691437
57 10.4869699478
58 11.7008304596
59 11.9468574524
60 13.9212245941
61 13.1614685059
62 14.6791210175
63 14.2311754227
64 16.3682823181
65 16.0852451324
66 16.8110389709
67 17.4027404785
68 8.7691688538
69 9.5234861374
70 9.7477188110
71 12.7287206650
72 15.0107173920
73 16.4531288147
74 17.0548725128
75 17.3180370331
76 18.0910758972
77 18.0704460144
78 17.3399581909
79 17.3707561493
80 16.8663806915
81 8.4377355576
82 9.1241636276
83 10.0240468979
84 10.1946277618
85 10.4271926880
86 10.6861886978
87 11.1396894455
88 11.5157260895
89 11.8451261520
90 15.2904529572
91 14.6546640396
92 14.7581558228
93 14.6106510162
94 13.6909618378
95 11.9898586273
96 10.2540664673
97 10.3217544556
98 7.4640903473
99 8.6059913635
100 8.3784093857
101 9.7955150604
102 11.2365951538
103 12.0569047928
104 13.2845249176
105 13.7873983383
106 13.5748901367
107 13.1177711487
108 14.7862167358
109 14.2520771027
110 15.2983007431
111 16.7970504761
112 17.4204330444
113 16.5454063416
114 16.1313400269
115 15.4700679779
116 17.1099967957
117 19.0636768341
118 18.6550846100
119 19.6609401703
120 19.3577041626
121 20.4909210205
122 20.7763748169
123 9.9929466248
124 11.8304080963
125 11.2246408463
126 11.4008502960
127 12.6318511963
128 13.1852674484
129 12.9701900482
130 12.0684776306
131 11.4985799789
132 10.1238050461
133 11.1844291687
134 12.1517992020
135 13.1186437607
136 14.3147172928
137 14.3407363892
138 14.5480203629
139 11.7091321945
140 10.6796083450
141 9.7405405045
142 9.9013147354
143 10.4727439880
144 11.6465206146
145 12.5265235901
146 12.9363231659
147 13.9586210251
148 13.4595069885
149 15.0798339844
150 15.2280635834
151 15.3254842758
152 15.1309728622
153 14.7024097443
154 14.7264661789
155 10.1940546036
156 10.0432014465
157 9.6665973663
158 10.8820104599
159 11.4534330368
160 12.6086606979
161 13.9225473404
162 15.1912212372
163 15.6790313721
164 14.9451618195
165 14.9073781967
166 14.8882827759
167 15.2956466675
168 15.3173112869
169 15.2688102722
170 14.7714567184
171 13.8829660416
172 10.6572418213
173 10.7234268188
174 10.6293258667
175 10.2788934708
176 10.9818248749
177 11.7368621826
178 11.5487308502
179 10.8270874023
180 13.4098157883
181 13.7828016281
182 13.6951389313
183 14.2958183289
184 14.6251001358
185 14.7567977905
186 14.1068792343
187 14.1306438446
188 12.9304647446
189 9.5946321487
190 10.0472850800
191 10.7465572357
192 11.4110641479
193 9.7513351440
194 9.4223270416
195 9.1655235291
196 11.9408836365
197 12.8841419220
198 13.4140720367
199 12.9664096832
200 12.7294111252
201 12.0074949265
202 10.8297824860
