##[Gaussian Mapper]keyframe id, psnr_gaussian_splatting
45 10.4587821960
46 10.0436067581
47 8.7521409988
48 10.4414072037
49 15.2732744217
50 15.1577129364
51 16.4794235229
52 16.6596622467
53 9.9655494690
54 10.2476539612
55 10.8305721283
56 11.7026700974
57 10.4869699478
58 11.7008314133
59 11.9468574524
60 13.9212265015
61 13.1614685059
62 14.6791210175
63 14.2311763763
64 16.3682842255
65 16.0852451324
66 16.8110408783
67 17.4027404785
68 8.7691688538
69 9.5234870911
70 9.7477197647
71 12.7287216187
72 15.0107183456
73 16.4531307220
74 17.0548725128
75 17.3180389404
76 18.0910758972
77 18.0704479218
78 17.3399581909
79 17.3707561493
80 16.8663806915
81 8.4377355576
82 9.1241645813
83 10.0240468979
84 10.1946296692
85 10.4271926880
86 10.6861886978
87 11.1396903992
88 11.5157270432
89 11.8451261520
90 15.2904548645
91 14.6546640396
92 14.7581558228
93 14.6106519699
94 13.6909627914
95 11.9898586273
96 10.2540674210
97 10.3217525482
98 7.4640913010
99 8.6059913635
100 8.3784093857
101 9.7955169678
102 11.2365951538
103 12.0569038391
104 13.2845249176
105 13.7873973846
106 13.5748910904
107 13.1177711487
108 14.7862186432
109 14.2520790100
110 15.2983016968
111 16.7970504761
112 17.4204330444
113 16.5454082489
114 16.1313381195
115 15.4700679779
116 17.1099967957
117 19.0636787415
118 18.6550846100
119 19.6609382629
120 19.3577041626
121 20.4909210205
122 20.7763767242
123 9.9929466248
124 11.8304080963
125 11.2246417999
126 11.4008512497
127 12.6318531036
128 13.1852684021
129 12.9701900482
130 12.0684795380
131 11.4985828400
132 10.1238050461
133 11.1844301224
134 12.1518020630
135 13.1186437607
136 14.3147172928
137 14.3407363892
138 14.5480203629
139 11.7091321945
140 10.6796083450
141 9.7405405045
142 9.9013137817
143 10.4727439880
144 11.6465206146
145 12.5265235901
146 12.9363241196
147 13.9586200714
148 13.4595088959
149 15.0798358917
150 15.2280654907
151 15.3254833221
152 15.1309728622
153 14.7024106979
154 14.7264671326
155 10.1940555573
156 10.0432033539
157 9.6665964127
158 10.8820133209
159 11.4534358978
160 12.6086597443
161 13.9225473404
162 15.1912212372
163 15.6790332794
164 14.9451627731
165 14.9073772430
166 14.8882846832
167 15.2956476212
168 15.3173112869
169 15.2688102722
170 14.7714567184
171 13.8829689026
172 10.6572418213
173 10.7234277725
174 10.6293249130
175 10.2788944244
176 10.9818248749
177 11.7368640900
178 11.5487308502
179 10.8270883560
180 13.4098167419
181 13.7828016281
182 13.6951389313
183 14.2958202362
184 14.6251010895
185 14.7567977905
186 14.1068782806
187 14.1306438446
188 12.9304676056
189 9.5946321487
190 10.0472850800
191 10.7465591431
192 11.4110651016
193 9.7513341904
194 9.4223260880
195 9.1655244827
196 11.9408845901
197 12.8841438293
198 13.4140729904
199 12.9664115906
200 12.7294111252
201 12.0074939728
202 10.8297824860
