##[Gaussian Mapper]Render time statistics: keyframe id, time(milliseconds)
45 1.74136300
46 2.25240800
47 1.84029100
48 1.70101700
49 1.49386700
50 1.47953900
51 1.52460600
52 1.35212000
53 1.59659000
54 1.47914900
55 1.49667300
56 1.50183200
57 1.47203500
58 1.49352700
59 1.49134300
60 1.49220300
61 1.48787600
62 1.45088600
63 1.45407200
64 1.37110700
65 1.28155600
66 1.28262900
67 1.25353400
68 1.51450600
69 1.47387900
70 1.46664600
71 1.46785800
72 1.46637500
73 1.41968600
74 1.44692900
75 1.46393100
76 1.39516000
77 1.40564100
78 1.39623300
79 1.37339900
80 1.33855400
81 1.48309700
82 1.47976000
83 1.49813500
84 1.52226000
85 1.50252400
86 1.52200000
87 1.58196400
88 1.55292800
89 1.50504800
90 1.52124900
91 1.50562900
92 1.53940300
93 1.52586700
94 1.55516200
95 1.55384000
96 1.58567000
97 1.59387600
98 1.56504100
99 1.62646800
100 1.52534700
101 1.54952200
102 1.53483500
103 1.53896200
104 1.57312600
105 1.60678900
106 1.59214300
107 1.95903500
108 2.17269700
109 1.81712700
110 1.62549600
111 1.61407400
112 1.51366500
113 1.49342600
114 1.52477500
115 1.50723300
116 1.36709700
117 1.22044100
118 1.21187600
119 1.20123600
120 1.21417900
121 1.18837100
122 1.17812100
123 1.48494100
124 1.48087300
125 1.47886900
126 1.46649500
127 1.54681700
128 1.47639500
129 1.49247400
130 1.42269400
131 1.42535800
132 1.49600200
133 1.45560500
134 1.44565700
135 1.38231600
136 1.32369700
137 1.31281600
138 1.29367000
139 1.40200400
140 1.40131200
141 1.44649800
142 1.44395300
143 1.46192600
144 1.41763400
145 1.37251900
146 1.36618600
147 1.34706000
148 1.32353600
149 1.30551100
150 1.33426600
151 1.30262600
152 1.31376700
153 1.26956500
154 1.34061900
155 1.52188000
156 1.56599300
157 1.56323800
158 1.77997600
159 1.55816800
160 1.57914800
161 1.58812400
162 1.53562600
163 1.52633900
164 1.49911700
165 1.50359600
166 1.47859800
167 1.48335700
168 1.48512100
169 1.44241000
170 1.45179700
171 1.42929500
172 1.51815300
173 1.52722000
174 1.52172800
175 1.53350100
176 1.53474400
177 1.50237300
178 1.52144900
179 1.45389300
180 1.68506700
181 1.42882400
182 1.44237000
183 1.44640700
184 1.42195200
185 1.39213600
186 1.38477200
187 1.40154300
188 1.32448800
189 1.58736300
190 1.58127200
191 1.58938800
192 1.58516000
193 1.50054900
194 1.47261700
195 1.45572500
196 1.40970900
197 1.39540200
198 1.56936900
199 1.38189600
200 1.34387300
201 1.36636700
202 1.31616200
